ZipCode,OccupiedUnits,OwnerOccupiedUnits,RenterOccupiedUnits
01001,7481,5484,1997
01002,9877,4578,5299
01003,36,4,32
01005,1798,1506,292
01007,5475,4489,986
01008,510,485,25
01009,105,105,0
01010,1431,1266,165
01011,569,453,116
01012,252,222,30
01013,9285,4316,4969
01020,12609,8003,4606
01022,1108,790,318
01026,449,361,88
01027,7976,4847,3129
01028,5957,4899,1058
01029,283,211,72
01030,4394,3643,751
01031,507,298,209
01032,228,206,22
01033,2493,2106,387
01034,841,772,69
01035,2355,1848,507
01036,1985,1770,215
01037,247,225,22
01038,1330,965,365
01039,511,343,168
01040,15275,6226,9049
01050,1031,837,194
01053,612,476,136
01054,780,682,98
01056,7961,5881,2080
01057,3448,2914,534
01060,6486,2621,3865
01062,4065,2929,1136
01063,0,0,0
01066,9,0,9
01068,670,634,36
01069,3557,2686,871
01070,261,225,36
01071,513,479,34
01072,650,588,62
01073,2397,2187,210
01074,151,18,133
01075,6682,4860,1822
01077,3801,3161,640
01079,319,187,132
01080,955,530,425
01081,775,619,156
01082,4565,3210,1355
01083,1113,834,279
01084,76,70,6
01085,15557,10636,4921
01086,0,0,0
01088,211,148,63
01089,12037,7033,5004
01092,540,420,120
01093,116,109,7
01094,176,82,94
01095,5353,4707,646
01096,1085,871,214
01097,21,6,15
01098,562,500,62
01103,1449,123,1326
01104,9077,4161,4916
01105,4965,485,4480
01106,5826,5186,640
01107,3794,867,2927
01108,9878,3515,6363
01109,9267,4084,5183
01118,5686,4525,1161
01119,4966,3477,1489
01128,1078,1016,62
01129,2830,2142,688
01151,3335,1421,1914
01199,0,0,0
01201,19879,12312,7567
01220,3842,2387,1455
01222,337,298,39
01223,1043,976,67
01224,126,76,50
01225,1423,1159,264
01226,3090,2323,767
01229,43,33,10
01230,3565,2546,1019
01235,1175,1016,159
01236,462,380,82
01237,1002,845,157
01238,2292,1537,755
01240,2175,1403,772
01242,172,100,72
01243,140,138,2
01244,41,31,10
01245,416,349,67
01247,6752,4220,2532
01253,351,335,16
01254,489,461,28
01255,355,348,7
01256,297,279,18
01257,929,828,101
01258,232,207,25
01259,277,258,19
01260,152,82,70
01262,535,263,272
01264,76,57,19
01266,601,525,76
01267,2397,1791,606
01270,334,334,0
01301,7989,4476,3513
01330,588,487,101
01331,5281,3861,1420
01337,1053,838,215
01338,50,44,6
01339,580,497,83
01340,743,615,128
01341,751,646,105
01342,457,297,160
01343,24,24,0
01344,581,471,110
01346,173,166,7
01347,79,59,20
01349,463,368,95
01350,47,31,16
01351,959,688,271
01354,576,489,87
01355,406,358,48
01360,1234,993,241
01364,3199,2292,907
01366,495,417,78
01367,222,193,29
01368,497,415,82
01370,1839,1328,511
01373,1974,1642,332
01375,1610,673,937
01376,2319,1209,1110
01378,339,326,13
01379,385,309,76
01420,14817,7845,6972
01430,2008,1777,231
01431,1110,1013,97
01432,3415,2093,1322
01434,212,140,72
01436,1274,902,372
01438,206,190,16
01440,8222,4288,3934
01450,4048,3510,538
01451,1583,1488,95
01452,1732,1560,172
01453,16941,9666,7275
01460,3559,3034,525
01462,4203,3475,728
01463,4338,3425,913
01464,2441,1691,750
01467,135,135,0
01468,1751,1493,258
01469,2735,2231,504
01473,2844,2607,237
01474,694,655,39
01475,3821,2765,1056
01501,6703,5673,1030
01503,1125,958,167
01504,3428,2556,872
01505,1771,1494,277
01506,1467,1235,232
01507,4886,3976,910
01510,5533,3000,2533
01515,822,681,141
01516,3146,2509,637
01518,1449,991,458
01519,2450,1973,477
01520,5692,5124,568
01521,953,819,134
01522,1150,993,157
01523,2304,1899,405
01524,2517,1845,672
01525,163,41,122
01527,5234,3829,1405
01529,1226,909,317
01531,460,401,59
01532,5429,4407,1022
01534,2307,1728,579
01535,1821,1282,539
01536,2803,2235,568
01537,954,677,277
01540,4316,3156,1160
01541,1240,1156,84
01542,788,606,182
01543,2956,2447,509
01545,13140,9797,3343
01550,6943,2928,4015
01560,1733,1098,635
01561,108,43,65
01562,4865,3405,1460
01564,2755,2423,332
01566,2146,1914,232
01568,2608,2221,387
01569,4805,3805,1000
01570,6884,3975,2909
01571,3878,2691,1187
01581,6794,4232,2562
01583,2074,1738,336
01585,1874,1345,529
01588,3534,2022,1512
01590,3441,3248,193
01602,9695,5713,3982
01603,7110,3195,3915
01604,14575,6770,7805
01605,10656,3305,7351
01606,8120,5221,2899
01607,3714,1425,2289
01608,1717,179,1538
01609,7722,2909,4813
01610,7928,1143,6785
01611,792,506,286
01612,1570,1455,115
01701,12997,10227,2770
01702,15227,5326,9901
01718,261,163,98
01719,2263,1617,646
01720,8527,6280,2247
01721,6685,5456,1229
01730,5230,3871,1359
01731,555,6,549
01740,1678,1561,117
01741,1823,1718,105
01742,6772,5094,1678
01745,210,170,40
01746,5278,4742,536
01747,2263,1869,394
01748,5991,4976,1015
01749,7686,5705,1981
01752,15718,8980,6738
01754,4250,3262,988
01756,2023,1780,243
01757,11135,7608,3527
01760,14310,10162,4148
01770,1556,1452,104
01772,3278,2955,323
01773,2140,1613,527
01775,2575,2270,305
01776,6355,5875,480
01778,5002,4479,523
01801,15756,9775,5981
01803,9942,7244,2698
01810,12474,10173,2301
01821,11509,9047,2462
01824,9766,8286,1480
01826,11224,8874,2350
01827,1140,1101,39
01830,10049,5382,4667
01832,8849,4964,3885
01833,3253,2594,659
01834,2368,2007,361
01835,5257,3690,1567
01840,2262,144,2118
01841,14795,4303,10492
01843,8578,2903,5675
01844,17692,12752,4940
01845,11121,7984,3137
01850,5457,2133,3324
01851,10165,4338,5827
01852,13747,6474,7273
01854,9492,3541,5951
01860,2775,2445,330
01862,3388,2886,502
01863,3860,3145,715
01864,5412,4753,659
01867,9099,7562,1537
01876,11529,9859,1670
01879,4440,3721,719
01880,10556,7998,2558
01886,8350,7231,1119
01887,8028,6890,1138
01890,7879,6713,1166
01901,885,85,800
01902,17247,5907,11340
01904,6164,4670,1494
01905,8374,3897,4477
01906,10436,8500,1936
01907,5535,4335,1200
01908,1572,1075,497
01913,7131,4891,2240
01915,16687,10202,6485
01921,2753,2699,54
01922,1144,1012,132
01923,10703,7723,2980
01929,1430,1184,246
01930,13137,8265,4872
01937,0,0,0
01938,5683,4219,1464
01940,4891,4145,746
01944,2072,1530,542
01945,8236,6424,1812
01949,2975,2662,313
01950,7918,6156,1762
01951,1654,1320,334
01952,3759,2970,789
01960,21576,14177,7399
01966,3243,2324,919
01969,2170,1861,309
01970,18206,9162,9044
01982,2658,2128,530
01983,2145,1946,199
01984,1397,1277,120
01985,1589,1459,130
02019,6430,5340,1090
02021,9021,6840,2181
02025,3119,2346,773
02026,9974,7017,2957
02030,2015,1857,158
02032,1590,1345,245
02035,6657,4253,2404
02038,11655,9476,2179
02043,8743,7116,1627
02045,4860,3400,1460
02047,66,32,34
02048,8477,6106,2371
02050,9779,7795,1984
02052,4153,3613,540
02053,4691,4197,494
02054,3007,2482,525
02056,3149,3022,127
02061,3674,3420,254
02062,11764,6857,4907
02066,6846,5911,935
02067,6274,5542,732
02071,259,243,16
02072,10784,7618,3166
02081,7090,5813,1277
02090,5474,4655,819
02093,4162,3465,697
02108,1810,816,994
02109,1917,709,1208
02110,1385,934,451
02111,3476,845,2631
02113,4333,931,3402
02114,7426,1882,5544
02115,9234,1126,8108
02116,12160,4650,7510
02118,12962,4492,8470
02119,11428,2632,8796
02120,4933,381,4552
02121,10675,2297,8378
02122,8536,3509,5027
02124,18953,7324,11629
02125,12474,4322,8152
02126,10095,4192,5903
02127,16976,6907,10069
02128,16399,4514,11885
02129,9050,4175,4875
02130,16631,7502,9129
02131,12684,7037,5647
02132,11421,8221,3200
02134,8205,1057,7148
02135,19539,4816,14723
02136,11955,6247,5708
02138,14131,5565,8566
02139,14414,5163,9251
02140,9445,3321,6124
02141,6745,2284,4461
02142,1522,215,1307
02143,11168,3236,7932
02144,10891,3854,7037
02145,10773,3957,6816
02148,23076,9432,13644
02149,15736,5959,9777
02150,13141,3436,9705
02151,19999,9531,10468
02152,8006,4427,3579
02155,22972,13142,9830
02163,517,0,517
02169,25076,10401,14675
02170,7621,4078,3543
02171,7886,4493,3393
02176,11256,7349,3907
02180,9241,6091,3150
02184,14074,10384,3690
02186,8881,7459,1422
02188,6348,3715,2633
02189,6206,3999,2207
02190,7150,4905,2245
02191,3580,2889,691
02199,765,22,743
02203,25,12,13
02210,1945,673,1272
02215,7553,810,6743
02301,21401,9777,11624
02302,10756,7692,3064
02322,1582,1158,424
02324,8050,5705,2345
02330,4491,4085,406
02332,5590,4997,593
02333,4907,3985,922
02338,2798,2482,316
02339,4882,4281,601
02341,3806,3495,311
02343,4085,3288,797
02346,9196,7361,1835
02347,3987,3458,529
02351,6413,4491,1922
02356,4422,3536,886
02357,22,10,12
02359,6489,5606,883
02360,23101,18260,4841
02364,4859,3992,867
02366,0,0,0
02367,1019,879,140
02368,12274,8421,3853
02370,6897,5137,1760
02375,3739,2945,794
02379,2515,2153,362
02382,5379,3770,1609
02420,4991,4432,559
02421,6766,5216,1550
02445,8529,4913,3616
02446,13216,5592,7624
02451,7500,4285,3215
02452,4939,3076,1863
02453,11139,4519,6620
02457,0,0,0
02458,4951,3021,1930
02459,6605,5333,1272
02460,3664,2235,1429
02461,2708,2059,649
02462,552,340,212
02464,1194,806,388
02465,4227,3356,871
02466,2955,1646,1309
02467,6004,4101,1903
02468,1974,1832,142
02472,15607,8062,7545
02474,11560,6538,5022
02476,7250,4602,2648
02478,9771,6239,3532
02481,4768,4005,763
02482,3886,3097,789
02492,7093,6363,730
02493,3800,3288,512
02494,3672,2585,1087
02532,5707,4473,1234
02534,230,165,65
02535,480,397,83
02536,7990,6437,1553
02537,2489,2319,170
02538,1459,996,463
02539,1397,1076,321
02540,4003,2700,1303
02542,286,10,276
02543,370,249,121
02553,97,97,0
02554,3637,2491,1146
02556,1182,1005,177
02557,1760,1417,343
02558,642,434,208
02559,1905,1401,504
02561,133,106,27
02562,1247,969,278
02563,3902,3401,501
02564,73,73,0
02568,1571,1006,565
02571,4461,2901,1560
02575,1136,1011,125
02576,1775,1671,104
02584,12,12,0
02601,6353,3205,3148
02630,826,726,100
02631,4241,3708,533
02632,4433,3819,614
02633,2033,1617,416
02635,1481,1342,139
02637,68,54,14
02638,1530,1301,229
02639,1519,867,652
02641,112,112,0
02642,2371,2058,313
02643,0,0,0
02644,1485,1211,274
02645,4183,3564,619
02646,931,821,110
02647,54,45,9
02648,2788,2578,210
02649,6240,5447,793
02650,355,263,92
02651,0,0,0
02652,358,307,51
02653,2845,2276,569
02655,1517,1219,298
02657,1760,1347,413
02659,431,409,22
02660,2978,2271,707
02663,50,41,9
02664,4007,2895,1112
02666,283,244,39
02667,1534,1340,194
02668,1175,942,233
02669,38,28,10
02670,679,483,196
02671,427,352,75
02672,133,98,35
02673,3667,2878,789
02675,3035,2821,214
02702,1530,1420,110
02703,17378,11730,5648
02713,19,19,0
02715,1290,1157,133
02717,1793,1574,219
02718,2339,1975,364
02719,6491,4905,1586
02720,13047,5186,7861
02721,11005,3890,7115
02723,6642,2052,4590
02724,7820,2392,5428
02725,956,743,213
02726,6070,5004,1066
02738,1863,1471,392
02739,2597,2021,576
02740,18303,7327,10976
02743,4051,3455,596
02744,4598,1592,3006
02745,10001,5848,4153
02746,6219,1091,5128
02747,6919,5330,1589
02748,4693,3742,951
02760,10226,6871,3355
02762,3560,2690,870
02763,628,556,72
02764,1465,1323,142
02766,6458,5485,973
02767,5198,4264,934
02769,4114,3720,394
02770,1840,1682,158
02771,6004,5230,774
02777,6149,5302,847
02779,2342,2207,135
02780,19753,12039,7714
02790,6306,5248,1058
02791,170,122,48
02802,223,66,157
02804,840,750,90
02806,6111,5414,697
02807,429,318,111
02808,889,700,189
02809,8442,5507,2935
02812,402,389,13
02813,3200,2772,428
02814,2903,2527,376
02815,76,76,0
02816,13304,10161,3143
02817,2161,1793,368
02818,7466,5504,1962
02822,2352,2033,319
02825,2006,1604,402
02826,261,236,25
02827,814,764,50
02828,3151,2570,581
02830,2290,1785,505
02831,1231,1077,154
02832,1718,1410,308
02833,415,321,94
02835,2257,1890,367
02836,75,75,0
02837,1611,1256,355
02838,1352,647,705
02839,803,566,237
02840,10600,4333,6267
02841,0,0,0
02842,6773,3569,3204
02852,8927,6615,2312
02857,3378,2972,406
02858,226,128,98
02859,2473,1839,634
02860,18379,6383,11996
02861,9971,6153,3818
02863,6309,1225,5084
02864,13492,10064,3428
02865,6315,4597,1718
02871,7114,5416,1698
02872,152,137,15
02873,98,98,0
02874,2210,2059,151
02875,191,124,67
02876,130,0,130
02878,6710,5248,1462
02879,8418,6223,2195
02881,1042,669,373
02882,6039,4077,1962
02885,5014,2696,2318
02886,12552,8313,4239
02888,8223,6307,1916
02889,11209,8273,2936
02891,9102,5722,3380
02892,1771,1451,320
02893,13086,6964,6122
02894,327,310,17
02895,16940,6084,10856
02896,4430,3629,801
02898,666,492,174
02903,4620,834,3786
02904,12507,6021,6486
02905,8741,3957,4784
02906,10694,5100,5594
02907,9004,2481,6523
02908,12232,5386,6846
02909,14566,4219,10347
02910,8314,5883,2431
02911,6621,3471,3150
02912,0,0,0
02914,8769,4539,4230
02915,7188,4680,2508
02916,3660,2596,1064
02917,4683,3635,1048
02919,11623,7877,3746
02920,14140,8779,5361
02921,4474,3726,748
03031,4036,3717,319
03032,1982,1771,211
03033,1715,1578,137
03034,1527,1426,101
03036,1683,1645,38
03037,1671,1483,188
03038,13095,8211,4884
03042,2569,2213,356
03043,658,613,45
03044,1715,1491,224
03045,5105,4134,971
03046,960,889,71
03047,642,501,141
03048,1415,1187,228
03049,2954,2720,234
03051,9054,7353,1701
03052,2983,2584,399
03053,8963,7804,1159
03054,10034,8771,1263
03055,6244,4000,2244
03057,864,786,78
03060,12155,4110,8045
03062,11340,8012,3328
03063,6975,4260,2715
03064,5804,3361,2443
03070,1914,1760,154
03071,1837,1621,216
03076,4631,4133,498
03077,4104,3355,749
03079,11413,8763,2650
03082,639,584,55
03084,504,460,44
03086,1649,1363,286
03087,5010,4739,271
03101,1657,154,1503
03102,13357,5174,8183
03103,13987,6369,7618
03104,13489,6465,7024
03106,5181,4052,1129
03109,4050,3026,1024
03110,7787,6728,1059
03215,78,72,6
03216,933,766,167
03217,850,494,356
03218,317,265,52
03220,2928,2633,295
03221,867,749,118
03222,2283,1737,546
03223,1378,1009,369
03224,948,897,51
03225,1241,1101,140
03226,413,359,54
03227,446,375,71
03229,2129,1877,252
03230,551,494,57
03231,108,93,15
03233,50,45,5
03234,1773,1410,363
03235,3797,2345,1452
03237,900,853,47
03238,50,39,11
03240,488,435,53
03241,343,311,32
03242,1795,1333,462
03243,384,352,32
03244,3021,2668,353
03245,787,631,156
03246,6967,3981,2986
03249,3048,2703,345
03251,530,314,216
03253,2752,2069,683
03254,1714,1469,245
03255,875,820,55
03256,925,794,131
03257,1698,1398,300
03258,976,890,86
03259,153,135,18
03260,303,254,49
03261,1636,1419,217
03262,427,288,139
03263,1691,975,716
03264,2256,1448,808
03266,888,748,140
03268,470,455,15
03269,1152,973,179
03273,150,141,9
03275,4419,3322,1097
03276,3261,2201,1060
03278,1112,773,339
03279,334,283,51
03280,529,502,27
03281,3158,2768,390
03282,346,295,51
03284,341,282,59
03285,1056,948,108
03287,670,521,149
03290,1774,1676,98
03291,40,40,0
03293,53,42,11
03301,13178,6847,6331
03303,6145,4202,1943
03304,2752,2442,310
03307,2075,1762,313
03431,10336,5622,4714
03440,1048,822,226
03441,89,36,53
03442,596,421,175
03443,199,151,48
03444,578,477,101
03445,303,243,60
03446,2407,1939,468
03447,1010,862,148
03448,289,254,35
03449,779,659,120
03450,450,392,58
03451,1698,1312,386
03452,2094,1384,710
03455,936,588,348
03456,314,281,33
03457,300,255,45
03458,3132,2150,982
03461,1816,1513,303
03462,560,465,95
03464,420,382,38
03465,829,604,225
03466,639,525,114
03467,628,590,38
03470,2043,1470,573
03561,2799,1514,1285
03570,3914,2229,1685
03574,1066,736,330
03575,14,14,0
03576,1339,1083,256
03579,185,147,38
03580,545,453,92
03581,1471,1129,342
03582,1042,764,278
03583,431,373,58
03584,1499,1097,402
03585,1050,843,207
03586,277,256,21
03588,707,608,99
03590,416,314,102
03592,550,450,100
03593,209,181,28
03595,289,234,55
03597,168,127,41
03598,1514,1000,514
03601,177,164,13
03602,1056,780,276
03603,2164,1745,419
03604,96,96,0
03605,390,353,37
03607,168,153,15
03608,1247,1000,247
03609,263,184,79
03740,271,235,36
03741,1511,1179,332
03743,5652,3290,2362
03745,611,546,65
03746,104,101,3
03748,2159,1578,581
03750,279,268,11
03751,253,176,77
03752,290,229,61
03753,1238,1117,121
03754,149,0,149
03755,2789,1780,1009
03765,200,186,14
03766,4250,2167,2083
03768,638,569,69
03770,152,138,14
03771,328,294,34
03773,3165,2276,889
03774,811,665,146
03777,512,423,89
03779,326,279,47
03780,192,160,32
03781,765,661,104
03782,1216,911,305
03784,1818,857,961
03785,875,527,348
03801,10327,5420,4907
03809,1333,1134,199
03810,744,679,65
03811,2734,2520,214
03812,386,230,156
03813,1317,1126,191
03814,1153,815,338
03816,578,503,75
03817,406,287,119
03818,1764,1178,586
03819,1604,1375,229
03820,13202,6992,6210
03823,570,496,74
03824,3308,1845,1463
03825,3375,3084,291
03826,1031,695,336
03827,1173,1097,76
03830,875,806,69
03832,161,121,40
03833,8923,6661,2262
03835,2798,1903,895
03836,573,523,50
03837,592,556,36
03838,588,475,113
03839,1408,917,491
03840,1459,1224,235
03841,2592,2160,432
03842,7108,5248,1860
03844,896,817,79
03845,613,419,194
03846,435,349,86
03847,198,144,54
03848,2404,2035,369
03849,580,506,74
03850,134,134,0
03851,1545,1319,226
03852,176,176,0
03853,253,227,26
03854,390,321,69
03855,977,917,60
03856,566,513,53
03857,4022,2114,1908
03858,1793,1415,378
03860,1741,1189,552
03861,1922,1603,319
03862,1722,1549,173
03864,716,634,82
03865,3039,2523,516
03867,9116,6049,3067
03868,2185,1541,644
03869,1001,735,266
03870,2244,1769,475
03871,79,79,0
03872,1250,1106,144
03873,2168,1991,177
03874,3897,2575,1322
03875,443,342,101
03878,4964,2845,2119
03882,605,492,113
03883,63,63,0
03884,1378,1236,142
03885,2797,2443,354
03886,898,571,327
03887,752,658,94
03890,56,56,0
03894,2852,2332,520
03901,2966,2617,349
03902,998,922,76
03903,2647,2191,456
03904,3418,2138,1280
03905,1018,880,138
03906,1875,1563,312
03907,634,519,115
03908,2865,2173,692
03909,4441,3651,790
03910,159,71,88
03911,26,26,0
04001,1059,905,154
04002,2948,2600,348
04003,163,135,28
04005,9565,4991,4574
04006,91,9,82
04008,1204,1032,172
04009,2286,1724,562
04010,595,532,63
04011,8505,5760,2745
04015,1577,1177,400
04017,223,196,27
04019,18,18,0
04020,589,432,157
04021,2360,1868,492
04022,452,428,24
04024,216,187,29
04027,2157,1903,254
04029,716,585,131
04030,939,880,59
04032,3395,2572,823
04037,1243,996,247
04038,5982,4973,1009
04039,3125,2432,693
04040,1408,1202,206
04041,603,505,98
04042,2022,1757,265
04043,4966,3776,1190
04046,3390,2877,513
04047,771,641,130
04048,1235,1000,235
04049,1262,1122,140
04050,120,96,24
04051,391,356,35
04055,1595,1432,163
04056,126,94,32
04057,22,22,0
04061,1104,906,198
04062,6555,5714,841
04063,315,161,154
04064,4463,2986,1477
04066,367,227,140
04068,557,439,118
04069,628,553,75
04071,2135,1851,284
04072,7768,5245,2523
04073,6788,3864,2924
04074,7624,6253,1371
04076,1054,977,77
04079,1656,1303,353
04083,1979,1395,584
04084,2802,2538,264
04085,706,694,12
04086,3796,2861,935
04087,783,695,88
04088,579,508,71
04090,4582,3835,747
04091,336,303,33
04092,8031,4958,3073
04093,3105,2579,526
04095,540,468,72
04096,3474,2627,847
04097,1386,1240,146
04101,9033,1687,7346
04102,7811,3720,4091
04103,13246,7741,5505
04105,4633,3950,683
04106,10915,6840,4075
04107,3700,3212,488
04108,405,351,54
04109,51,38,13
04110,533,505,28
04210,10262,5800,4462
04216,178,169,9
04217,1308,1057,251
04219,591,539,52
04220,1144,1019,125
04221,304,254,50
04222,1592,1425,167
04224,928,712,216
04226,65,61,4
04227,64,47,17
04228,0,0,0
04231,113,98,15
04234,52,52,0
04236,1617,1378,239
04237,84,74,10
04238,486,413,73
04239,1833,1519,314
04240,15779,7971,7808
04250,1808,1354,454
04252,1834,1449,385
04253,833,679,154
04254,1428,774,654
04255,238,201,37
04256,1196,930,266
04257,986,824,162
04258,915,833,82
04259,1318,1109,209
04260,2138,1756,382
04261,155,132,23
04263,858,726,132
04265,441,352,89
04267,29,29,0
04268,1694,1265,429
04270,2161,1760,401
04271,0,0,0
04274,2368,1893,475
04275,154,139,15
04276,2403,1730,673
04280,2699,2232,467
04281,1742,1178,564
04282,2302,1828,474
04284,442,395,47
04285,178,154,24
04286,15,0,15
04287,1358,1220,138
04289,694,517,177
04290,543,487,56
04292,327,294,33
04294,1600,1260,340
04330,11427,6851,4576
04342,739,663,76
04343,16,16,0
04344,1401,1008,393
04345,4666,3505,1161
04346,852,612,240
04347,1099,628,471
04348,1192,1013,179
04349,446,417,29
04350,1431,1247,184
04351,1038,825,213
04352,667,614,53
04353,957,806,151
04354,631,578,53
04355,1019,855,164
04357,1603,1199,404
04358,1747,1541,206
04359,135,112,23
04360,209,188,21
04363,1063,833,230
04364,2497,1701,796
04401,18924,10408,8516
04406,291,264,27
04408,73,62,11
04410,460,411,49
04411,634,537,97
04412,3669,2386,1283
04413,93,88,5
04414,568,474,94
04415,107,81,26
04416,2307,1768,539
04417,155,146,9
04418,665,560,105
04419,1046,889,157
04421,288,196,92
04422,462,444,18
04424,327,266,61
04426,1964,1331,633
04427,1045,905,140
04428,1139,953,186
04429,1838,1547,291
04430,820,617,203
04431,29,29,0
04434,420,358,62
04435,449,426,23
04438,467,378,89
04441,798,610,188
04442,13,13,0
04443,1059,782,277
04444,3500,2946,554
04448,558,406,152
04449,563,482,81
04450,474,426,48
04451,103,96,7
04453,314,222,92
04454,13,13,0
04455,295,239,56
04456,1057,893,164
04457,2390,1625,765
04459,413,317,96
04460,535,476,59
04461,1170,897,273
04462,2306,1706,600
04463,1297,939,358
04464,249,189,60
04468,4014,2583,1431
04469,0,0,0
04471,316,287,29
04472,932,774,158
04473,3075,1608,1467
04474,1492,1311,181
04475,257,232,25
04476,540,465,75
04478,167,136,31
04479,566,463,103
04481,205,188,17
04485,91,86,5
04487,393,365,28
04488,552,501,51
04489,80,63,17
04490,117,110,7
04491,68,63,5
04492,55,44,11
04493,762,643,119
04495,190,178,12
04496,1609,1344,265
04497,152,133,19
04530,5105,3332,1773
04535,347,293,54
04537,944,872,72
04538,998,702,296
04539,488,435,53
04541,21,21,0
04543,928,549,379
04544,306,298,8
04547,391,357,34
04548,444,374,70
04551,341,321,20
04553,792,575,217
04554,409,324,85
04555,715,606,109
04556,562,466,96
04558,72,72,0
04562,1026,913,113
04563,602,450,152
04564,263,263,0
04568,250,194,56
04570,0,0,0
04571,164,132,32
04572,2300,1656,644
04573,211,179,32
04574,576,535,41
04575,36,36,0
04576,300,265,35
04578,2015,1243,772
04579,1283,1042,241
04605,6029,4323,1706
04606,498,411,87
04607,504,424,80
04609,2337,1496,841
04611,199,166,33
04612,209,185,24
04613,37,28,9
04614,1199,837,362
04616,325,295,30
04617,342,298,44
04619,1496,983,513
04622,563,425,138
04623,375,314,61
04624,77,71,6
04625,47,41,6
04626,214,180,34
04627,704,522,182
04628,293,226,67
04629,0,0,0
04630,558,453,105
04631,640,469,171
04634,830,683,147
04635,6,4,2
04637,80,72,8
04640,979,721,258
04642,39,35,4
04643,410,325,85
04644,0,0,0
04645,15,8,7
04646,31,22,9
04648,295,236,59
04649,557,400,157
04650,118,118,0
04652,804,666,138
04653,292,154,138
04654,1351,870,481
04655,371,293,78
04657,150,120,30
04658,653,511,142
04660,517,453,64
04662,228,121,107
04664,510,403,107
04666,551,497,54
04667,591,418,173
04668,635,427,208
04669,90,90,0
04671,240,223,17
04673,77,73,4
04674,203,180,23
04675,80,57,23
04676,457,405,52
04677,125,105,20
04679,775,507,268
04680,528,427,101
04681,477,347,130
04683,48,37,11
04684,710,588,122
04685,179,142,37
04686,66,63,3
04691,137,114,23
04693,199,150,49
04694,972,771,201
04730,4158,2708,1450
04732,788,637,151
04733,115,97,18
04734,321,254,67
04735,258,233,25
04736,4102,2737,1365
04739,353,300,53
04740,454,354,100
04741,4,4,0
04742,1499,1069,430
04743,1906,1430,476
04745,408,358,50
04746,216,165,51
04747,547,472,75
04750,763,443,320
04756,1556,1105,451
04757,1265,1091,174
04758,544,384,160
04760,314,237,77
04761,221,190,31
04762,227,194,33
04763,296,221,75
04764,15,15,0
04765,510,412,98
04766,152,122,30
04768,180,168,12
04769,4082,2339,1743
04772,399,315,84
04773,280,224,56
04774,295,232,63
04776,399,364,35
04777,186,167,19
04779,163,158,5
04780,264,244,20
04781,222,188,34
04783,221,195,26
04785,986,633,353
04786,837,610,227
04787,205,193,12
04841,3453,1883,1570
04843,2475,1828,647
04847,638,577,61
04848,324,281,43
04849,1647,1420,227
04851,45,45,0
04852,22,16,6
04853,228,191,37
04854,703,592,111
04855,100,100,0
04856,1393,1165,228
04858,576,510,66
04859,374,342,32
04860,720,691,29
04861,1316,887,429
04862,1549,1301,248
04863,481,346,135
04864,1521,1381,140
04901,11455,6828,4627
04910,803,683,120
04911,946,747,199
04912,356,299,57
04915,3955,2729,1226
04917,1000,949,51
04918,167,117,50
04920,768,658,110
04921,657,582,75
04922,478,409,69
04923,242,219,23
04924,909,674,235
04925,38,35,3
04926,38,38,0
04927,1417,1141,276
04928,843,671,172
04929,333,217,116
04930,1789,1284,505
04932,529,489,40
04933,24,19,5
04936,74,74,0
04937,2799,1796,1003
04938,3737,2690,1047
04939,444,434,10
04940,0,0,0
04941,693,600,93
04942,609,553,56
04943,754,566,188
04944,18,18,0
04945,476,372,104
04947,632,559,73
04949,368,316,52
04950,1870,1303,567
04951,491,431,60
04952,846,682,164
04953,1392,1019,373
04955,582,523,59
04956,320,280,40
04957,1659,1396,263
04958,736,650,86
04961,416,391,25
04962,54,11,43
04963,2977,2517,460
04964,70,46,24
04965,887,755,132
04966,722,605,117
04967,1529,1159,370
04969,530,442,88
04970,644,500,144
04971,789,733,56
04973,576,484,92
04974,1299,911,388
04975,0,0,0
04976,4440,2978,1462
04978,324,264,60
04979,383,315,68
04981,1162,993,169
04982,244,161,83
04983,634,515,119
04984,254,204,50
04985,30,25,5
04986,682,576,106
04987,414,341,73
04988,790,550,240
04989,1709,1342,367
04992,42,42,0
05001,4493,3115,1378
05031,43,43,0
05032,1005,776,229
05033,1084,780,304
05034,125,91,34
05035,317,239,78
05036,437,365,72
05037,207,191,16
05038,575,422,153
05039,525,441,84
05040,247,222,25
05041,151,127,24
05042,213,172,41
05043,465,398,67
05045,883,704,179
05046,466,370,96
05048,1277,1067,210
05050,58,31,27
05051,691,553,138
05052,82,39,43
05053,190,178,12
05055,1252,911,341
05056,206,177,29
05058,128,118,10
05059,154,115,39
05060,1915,1431,484
05061,462,434,28
05062,277,234,43
05065,409,309,100
05067,100,96,4
05068,1424,845,579
05069,200,165,35
05070,255,236,19
05071,57,57,0
05072,199,173,26
05075,458,409,49
05076,157,117,40
05077,545,440,105
05079,296,261,35
05081,225,115,110
05083,114,81,33
05084,110,110,0
05086,278,256,22
05089,1973,1247,726
05091,1493,1119,374
05101,1968,1053,915
05141,82,56,26
05142,294,224,70
05143,1829,1412,417
05146,308,251,57
05148,427,315,112
05149,921,664,257
05150,409,271,138
05151,647,621,26
05152,175,160,15
05153,275,204,71
05154,198,124,74
05155,419,275,144
05156,3783,2650,1133
05158,482,351,131
05161,260,209,51
05201,5895,3684,2211
05250,1517,1256,261
05251,640,541,99
05252,111,97,14
05253,217,181,36
05254,101,89,12
05255,1862,1301,561
05257,976,684,292
05260,189,164,25
05261,946,823,123
05262,912,751,161
05301,7364,4368,2996
05340,322,282,40
05341,186,147,39
05342,289,252,37
05343,377,293,84
05345,1065,908,157
05346,2056,1601,455
05350,315,258,57
05352,381,356,25
05353,388,285,103
05354,845,649,196
05355,285,243,42
05356,460,317,143
05358,79,73,6
05359,238,206,32
05360,83,70,13
05361,481,399,82
05362,27,27,0
05363,840,570,270
05401,12325,3504,8821
05403,8560,5099,3461
05404,3164,1184,1980
05405,0,0,0
05408,3997,2708,1289
05439,0,0,0
05440,750,605,145
05441,342,306,36
05442,174,154,20
05443,2889,2150,739
05444,659,545,114
05445,1451,1331,120
05446,6830,4718,2112
05447,26,19,7
05448,379,363,16
05450,1956,1472,484
05452,8816,6203,2613
05454,1815,1450,365
05455,382,298,84
05456,490,389,101
05457,650,565,85
05458,896,721,175
05459,728,579,149
05461,1821,1376,445
05462,744,675,69
05463,194,185,9
05464,1357,894,463
05465,2121,1914,207
05468,5278,4369,909
05471,272,208,64
05472,679,550,129
05473,628,506,122
05474,406,360,46
05476,1258,869,389
05477,1780,1397,383
05478,5825,3766,2059
05481,0,0,0
05482,3223,2333,890
05483,536,433,103
05485,35,35,0
05486,721,574,147
05487,594,499,95
05488,2949,2177,772
05489,1311,1183,128
05491,2463,1825,638
05492,297,239,58
05494,663,605,58
05495,4113,3312,801
05602,5424,3514,1910
05640,56,49,7
05641,7093,4552,2541
05647,427,353,74
05648,189,162,27
05649,184,184,0
05650,496,402,94
05651,663,573,90
05652,320,272,48
05653,182,160,22
05654,464,234,230
05655,1217,1034,183
05656,1287,642,645
05657,44,44,0
05658,609,555,54
05660,775,676,99
05661,2470,1755,715
05663,2208,1601,607
05664,66,66,0
05667,888,661,227
05669,289,252,37
05672,2148,1575,573
05673,1167,874,293
05674,701,570,131
05675,483,436,47
05676,2022,1467,555
05677,959,730,229
05678,74,53,21
05679,1407,1116,291
05680,911,798,113
05681,182,175,7
05682,527,451,76
05701,9057,5526,3531
05730,115,110,5
05732,312,198,114
05733,2589,1923,666
05734,597,441,156
05735,1550,1108,442
05736,252,158,94
05737,340,293,47
05738,476,422,54
05739,554,431,123
05740,22,22,0
05742,262,239,23
05743,1552,1192,360
05744,228,162,66
05747,142,96,46
05748,152,116,36
05751,335,289,46
05753,3665,2275,1390
05757,336,282,54
05758,301,286,15
05759,723,617,106
05760,501,430,71
05761,371,324,47
05762,181,142,39
05763,1165,1019,146
05764,1286,953,333
05765,692,536,156
05766,265,212,53
05767,526,421,105
05769,453,361,92
05770,402,333,69
05772,321,284,37
05773,934,731,203
05774,452,422,30
05775,217,168,49
05776,293,249,44
05777,1364,1164,200
05778,247,199,48
05819,3794,2436,1358
05820,265,244,21
05821,454,425,29
05822,714,572,142
05824,476,389,87
05825,49,38,11
05826,386,334,52
05827,116,83,33
05828,873,699,174
05829,737,540,197
05830,681,492,189
05832,366,328,38
05833,126,104,22
05836,453,358,95
05837,159,140,19
05839,327,281,46
05841,187,162,25
05842,186,153,33
05843,936,680,256
05845,507,448,59
05846,513,337,176
05847,342,228,114
05850,74,51,23
05851,2570,1629,941
05853,239,210,29
05855,3068,2011,1057
05857,1024,887,137
05858,190,175,15
05859,710,521,189
05860,1100,901,199
05862,102,86,16
05866,267,250,17
05867,301,251,50
05868,145,145,0
05871,591,471,120
05872,414,336,78
05873,290,240,50
05874,226,186,40
05875,213,194,19
05901,9,9,0
05902,100,70,30
05903,382,310,72
05904,116,75,41
05905,348,311,37
05906,533,452,81
05907,76,66,10
06001,7112,6056,1056
06002,8613,6240,2373
06010,24460,15625,8835
06013,3367,3171,196
06016,2653,1850,803
06018,1163,734,429
06019,4035,3188,847
06020,0,0,0
06021,111,96,15
06022,41,41,0
06023,500,391,109
06024,205,174,31
06026,2125,1719,406
06027,560,521,39
06029,7122,4521,2601
06031,646,577,69
06032,7305,5085,2220
06033,11498,9011,2487
06035,2946,2643,303
06037,7743,6636,1107
06039,888,579,309
06040,14213,7899,6314
06042,9729,5639,4090
06043,1803,1610,193
06051,11927,3335,8592
06052,3111,1829,1282
06053,13345,6501,6844
06057,2413,2228,185
06058,696,559,137
06059,0,0,0
06060,875,829,46
06061,66,66,0
06062,7722,5453,2269
06063,1174,1064,110
06065,283,283,0
06066,13105,6821,6284
06067,8599,5537,3062
06068,681,521,160
06069,1133,829,304
06070,5949,4899,1050
06071,3466,3049,417
06073,2055,1849,206
06074,9847,8243,1604
06076,5009,3776,1233
06078,3861,3295,566
06081,615,361,254
06082,16472,12464,4008
06084,5159,4771,388
06085,2938,2258,680
06088,2149,1519,630
06089,1263,968,295
06090,381,314,67
06091,52,43,9
06092,1467,1324,143
06093,1171,1072,99
06095,10859,9163,1696
06096,5253,3888,1365
06098,5163,3455,1708
06103,1271,154,1117
06105,9613,1696,7917
06106,13782,3046,10736
06107,7295,6344,951
06108,8824,4331,4493
06109,10843,8465,2378
06110,4951,3281,1670
06111,12394,9586,2808
06112,7296,2575,4721
06114,9698,2820,6878
06117,5422,4414,1008
06118,10245,6999,3246
06119,6601,3401,3200
06120,4479,792,3687
06160,0,0,0
06226,6536,2376,4160
06231,1388,1309,79
06232,1235,1079,156
06234,3132,2338,794
06235,899,833,66
06237,2086,1931,155
06238,4761,4233,528
06239,4588,3013,1575
06241,2428,1903,525
06242,518,421,97
06243,27,27,0
06247,1106,965,141
06248,2088,2009,79
06249,2847,2590,257
06250,1803,1334,469
06254,722,619,103
06255,1757,1170,587
06256,895,783,112
06259,1788,1402,386
06260,3942,2370,1572
06262,288,232,56
06263,113,15,98
06264,34,34,0
06266,223,169,54
06268,3536,1681,1855
06269,6,6,0
06277,1484,1376,108
06278,1844,1335,509
06279,2483,1641,842
06280,1158,861,297
06281,2635,2310,325
06282,437,383,54
06320,10985,3832,7153
06330,1287,884,403
06331,1839,1623,216
06332,205,152,53
06333,2573,2135,438
06334,980,842,138
06335,2578,2163,415
06336,25,20,5
06339,3135,2442,693
06340,12132,4787,7345
06350,26,26,0
06351,6251,4824,1427
06353,30,30,0
06354,2323,1518,805
06355,5436,4313,1123
06357,4714,3552,1162
06359,2117,1818,299
06360,15009,7907,7102
06365,1835,1610,225
06370,2630,2333,297
06371,4155,3433,722
06373,109,80,29
06374,2878,2119,759
06375,1443,1332,111
06376,94,69,25
06377,1117,970,147
06378,2506,1888,618
06379,3732,2568,1164
06380,1239,358,881
06382,4049,3209,840
06384,1067,884,183
06385,6412,5154,1258
06387,137,22,115
06389,7,0,7
06390,73,49,24
06401,7402,4389,3013
06403,2466,2094,372
06405,12337,8631,3706
06409,294,185,109
06410,10145,8786,1359
06412,1720,1345,375
06413,5451,4314,1137
06414,26,26,0
06415,6220,4730,1490
06416,5819,4449,1370
06417,1892,1390,502
06418,5061,2933,2128
06419,2305,2141,164
06420,1618,1497,121
06422,2665,2412,253
06423,2289,2020,269
06424,4939,4341,598
06426,1617,1184,433
06437,8314,7167,1147
06438,1045,791,254
06441,2005,1701,304
06442,1099,921,178
06443,6911,5958,953
06444,70,57,13
06447,2350,2113,237
06450,15551,9674,5877
06451,10719,5789,4930
06455,1278,1180,98
06456,169,142,27
06457,19054,10082,8972
06460,16451,11522,4929
06461,5614,5056,558
06467,90,90,0
06468,6703,6142,561
06469,1133,907,226
06470,5878,4987,891
06471,3144,2658,486
06472,2400,2162,238
06473,8906,7446,1460
06475,4354,3470,884
06477,4939,4361,578
06478,4510,4162,348
06479,3995,3302,693
06480,3842,3210,632
06481,549,409,140
06482,3962,3662,300
06483,6239,4494,1745
06484,16351,13262,3089
06488,7900,6768,1132
06489,12821,10574,2247
06492,18535,13522,5013
06498,3086,2439,647
06510,1541,85,1456
06511,21266,4422,16844
06512,11510,7498,4012
06513,14621,5554,9067
06514,10142,6264,3878
06515,6613,2628,3985
06516,19576,10750,8826
06517,6061,4015,2046
06518,6726,4419,2307
06519,5227,1290,3937
06524,1967,1800,167
06525,2931,2610,321
06604,9886,2778,7108
06605,8938,2626,6312
06606,15943,9890,6053
06607,2832,913,1919
06608,4395,1006,3389
06610,8553,3901,4652
06611,12427,10783,1644
06612,2805,2665,140
06614,12722,11133,1589
06615,7362,4726,2636
06702,1705,53,1652
06704,8987,3664,5323
06705,10031,3609,6422
06706,5077,2513,2564
06708,11129,6306,4823
06710,3639,1125,2514
06712,3367,2930,437
06716,5880,4947,933
06750,533,323,210
06751,1289,1113,176
06752,715,630,85
06754,681,577,104
06755,370,326,44
06756,1058,1016,42
06757,883,657,226
06758,133,119,14
06759,2443,1951,492
06762,2694,2482,212
06763,733,610,123
06770,11712,7811,3901
06776,10029,7874,2155
06777,614,552,62
06778,589,551,38
06779,3360,2450,910
06782,838,731,107
06783,883,737,146
06784,1512,1321,191
06785,248,221,27
06786,3895,3018,877
06787,3174,2422,752
06790,14406,9628,4778
06791,1937,1890,47
06793,519,397,122
06794,385,298,87
06795,5142,4408,734
06796,458,394,64
06798,4139,3147,992
06801,7272,5685,1587
06804,6240,5175,1065
06807,2620,1831,789
06810,18629,8616,10013
06811,11056,8627,2429
06812,5019,4727,292
06820,6858,5848,1010
06824,11631,9876,1755
06825,7287,5897,1390
06830,9652,4975,4677
06831,4996,3719,1277
06840,7084,5552,1532
06850,7698,4532,3166
06851,10469,7179,3290
06853,1467,1158,309
06854,10796,5447,5349
06855,3389,1613,1776
06856,0,0,0
06870,2505,2073,432
06877,8997,7598,1399
06878,2559,2084,475
06880,10062,8477,1585
06883,3473,3329,144
06890,1615,1363,252
06896,3426,2715,711
06897,6028,5163,865
06901,4052,641,3411
06902,25948,10622,15326
06903,4937,4679,258
06905,7639,5646,1993
06906,3481,2170,1311
06907,3372,2392,980
07001,4955,2504,2451
07002,24975,9486,15489
07003,18080,9391,8689
07004,2696,2407,289
07005,5495,4117,1378
07006,9606,7330,2276
07008,7950,4559,3391
07009,4451,3542,909
07010,10535,4967,5568
07011,12574,6068,6506
07012,4645,2476,2169
07013,9959,7106,2853
07014,1807,1371,436
07016,8654,6892,1762
07017,13066,3641,9425
07018,10585,2479,8106
07020,5746,1891,3855
07021,782,741,41
07022,5393,1824,3569
07023,2544,2228,316
07024,17013,9941,7072
07026,11329,4313,7016
07027,1773,1060,713
07028,2449,2304,145
07029,6635,1833,4802
07030,25132,8224,16908
07031,6248,3257,2991
07032,13568,6407,7161
07033,2828,2255,573
07034,3331,2119,1212
07035,3641,2789,852
07036,15166,8407,6759
07039,9994,8867,1127
07040,7987,6097,1890
07041,2520,1629,891
07042,10297,5101,5196
07043,4171,3335,836
07044,5139,4130,1009
07045,3942,3721,221
07046,1363,1264,99
07047,21900,8512,13388
07050,12245,2614,9631
07052,16281,11113,5168
07054,11166,5734,5432
07055,19672,4511,15161
07057,4676,1934,2742
07058,1886,1020,866
07059,5153,4758,395
07060,14850,5930,8920
07062,3992,2529,1463
07063,3995,2589,1406
07064,1339,1100,239
07065,11188,6541,4647
07066,5788,4585,1203
07067,6109,5416,693
07068,2341,1891,450
07069,1912,1551,361
07070,7101,4473,2628
07071,8442,4618,3824
07072,2321,1500,821
07073,3800,1380,2420
07074,977,779,198
07075,3252,2243,1009
07076,8714,7126,1588
07077,923,655,268
07078,4050,3693,357
07079,5146,3555,1591
07080,7829,6495,1334
07081,6972,4459,2513
07082,1617,1526,91
07083,19239,14308,4931
07086,6461,2207,4254
07087,24194,4769,19425
07088,1223,762,461
07090,10367,8627,1740
07092,2438,2195,243
07093,24319,5904,18415
07094,7285,4066,3219
07095,7199,4081,3118
07102,5079,448,4631
07103,11085,2697,8388
07104,18606,4441,14165
07105,16796,3664,13132
07106,11339,3536,7803
07107,12749,2729,10020
07108,8323,1445,6878
07109,12493,6409,6084
07110,10831,7169,3662
07111,20403,5588,14815
07112,9582,2507,7075
07114,3460,480,2980
07201,8557,2072,6485
07202,12999,3036,9963
07203,7528,4189,3339
07204,5087,2972,2115
07205,7271,4710,2561
07206,7844,1870,5974
07208,10981,2874,8107
07302,20926,5791,15135
07304,15750,4283,11467
07305,22280,8804,13476
07306,20216,4485,15731
07307,15774,4717,11057
07310,5776,894,4882
07311,238,0,238
07401,2254,1925,329
07403,2883,1892,991
07405,6242,4772,1470
07407,6890,3858,3032
07410,11463,9178,2285
07416,2129,1580,549
07417,3758,3305,453
07418,766,724,42
07419,3619,2772,847
07420,1598,1369,229
07421,2637,2315,322
07422,2320,2179,141
07423,1415,1340,75
07424,9556,6352,3204
07430,9505,7515,1990
07432,2604,1809,795
07435,925,810,115
07436,4311,3893,418
07438,4288,3956,332
07439,835,703,132
07440,1442,1241,201
07442,3952,2864,1088
07444,4747,3752,995
07446,5512,4788,724
07450,8344,6475,1869
07452,3781,3586,195
07456,3914,3770,144
07457,1829,1263,566
07458,3724,3265,459
07460,1240,1160,80
07461,6822,5723,1099
07462,2634,1852,782
07463,3574,3209,365
07465,2596,2186,410
07470,18129,14391,3738
07480,5951,5271,680
07481,5710,5249,461
07495,0,0,0
07501,10559,1642,8917
07502,4458,2142,2316
07503,5322,1599,3723
07504,3554,1241,2313
07505,1037,37,1000
07506,6963,4204,2759
07508,7562,4918,2644
07512,3460,2877,583
07513,3415,1038,2377
07514,6279,1671,4608
07522,6074,1324,4750
07524,4050,1069,2981
07601,18732,6270,12462
07603,2866,2009,857
07604,4239,2742,1497
07605,3338,1989,1349
07606,808,411,397
07607,3499,2201,1298
07608,41,0,41
07620,533,430,103
07621,8760,5892,2868
07624,2756,2295,461
07626,2890,2408,482
07627,1686,1507,179
07628,6373,4577,1796
07630,2509,2087,422
07631,10613,5591,5022
07632,1814,1573,241
07640,1625,1489,136
07641,1112,1052,60
07642,3602,3092,510
07643,4308,1731,2577
07644,8927,3629,5298
07645,2858,2401,457
07646,5806,3637,2169
07647,1795,1549,246
07648,2133,1732,401
07649,2719,2393,326
07650,7516,2616,4900
07652,8310,7189,1121
07656,3299,2619,680
07657,3900,1892,2008
07660,4761,2588,2173
07661,3942,2945,997
07662,1993,1367,626
07663,5371,3643,1728
07666,13330,9840,3490
07670,4600,3573,1027
07675,9958,7561,2397
07676,3240,3056,184
07677,2009,1790,219
07701,9804,6536,3268
07702,1454,1338,116
07703,17,0,17
07704,1864,1682,182
07711,602,508,94
07712,16236,7388,8848
07716,3537,2612,925
07717,895,592,303
07718,2348,1906,442
07719,8463,6016,2447
07720,2120,962,1158
07721,1121,774,347
07722,3305,2969,336
07723,279,177,102
07724,8920,5856,3064
07726,15303,13093,2210
07727,2679,1906,773
07728,19946,14717,5229
07730,5895,5143,752
07731,12621,11269,1352
07732,2787,1715,1072
07733,5758,4954,804
07734,5183,3145,2038
07735,6980,5068,1912
07737,1438,1272,166
07738,2077,1849,228
07739,2099,1942,157
07740,12019,5341,6678
07746,5975,5726,249
07747,11771,8966,2805
07748,9617,7823,1794
07750,1409,1202,207
07751,6025,5467,558
07753,15583,9858,5725
07755,2196,1970,226
07756,1967,780,1187
07757,2101,1804,297
07758,1423,1261,162
07760,3179,2728,451
07762,3897,2465,1432
07764,2459,1885,574
07801,8061,4019,4042
07803,1252,1082,170
07820,28,28,0
07821,3469,3057,412
07822,268,250,18
07823,3356,2299,1057
07825,3402,3009,393
07826,2215,1770,445
07827,1616,1263,353
07828,5949,3020,2929
07830,2413,2262,151
07832,1323,1183,140
07833,67,35,32
07834,6794,5756,1038
07836,4197,2759,1438
07838,1206,1007,199
07840,11477,7496,3981
07842,44,44,0
07843,4468,3661,807
07846,10,10,0
07847,667,626,41
07848,1739,1462,277
07849,3523,2940,583
07850,2096,1698,398
07851,30,27,3
07852,1556,1339,217
07853,4225,4009,216
07856,2160,1528,632
07857,1407,683,724
07860,9624,7295,2329
07863,1511,1281,230
07865,699,663,36
07866,8439,7058,1381
07869,9076,6763,2313
07870,14,5,9
07871,7039,6289,750
07874,3078,2769,309
07876,3660,3426,234
07878,271,219,52
07880,89,89,0
07881,4,4,0
07882,5545,4118,1427
07885,3787,2340,1447
07901,8274,5726,2548
07920,9752,8060,1692
07921,3781,2892,889
07922,4107,3879,228
07924,2633,2254,379
07926,11,0,11
07927,1624,1084,540
07928,6466,5536,930
07930,2957,2779,178
07931,1068,894,174
07932,3966,2746,1220
07933,1201,1097,104
07934,558,490,68
07935,164,138,26
07936,3697,3494,203
07939,0,0,0
07940,5464,3730,1734
07945,3159,2864,295
07946,1123,1031,92
07950,7002,5695,1307
07960,17839,11255,6584
07961,0,0,0
07970,56,56,0
07974,4124,3445,679
07976,264,203,61
07977,210,114,96
07979,191,179,12
07980,815,642,173
07981,3517,3001,516
08001,367,282,85
08002,8517,5645,2872
08003,10820,9440,1380
08004,3945,3489,456
08005,9156,8007,1149
08006,201,169,32
08007,2034,1311,723
08008,3563,3183,380
08009,5020,4303,717
08010,4324,2594,1730
08011,9,9,0
08012,14448,9625,4823
08014,189,136,53
08015,6968,5466,1502
08016,12197,9017,3180
08019,366,317,49
08020,934,868,66
08021,18072,9459,8613
08022,3593,3435,158
08023,157,43,114
08026,766,719,47
08027,1922,1557,365
08028,6489,4449,2040
08029,1883,1385,498
08030,4679,3202,1477
08031,4379,2670,1709
08033,6193,4746,1447
08034,6972,5550,1422
08035,3037,2458,579
08036,2194,1981,213
08037,8477,6514,1963
08038,35,28,7
08039,32,32,0
08041,319,285,34
08042,58,44,14
08043,10879,7310,3569
08045,1063,713,350
08046,10367,8256,2111
08048,4662,3333,1329
08049,2075,1444,631
08050,9510,8018,1492
08051,4201,3302,899
08052,8482,3977,4505
08053,17456,13311,4145
08054,17281,13476,3805
08055,9979,8639,1340
08056,1469,1410,59
08057,7186,5943,1243
08059,2131,1611,520
08060,8857,6591,2266
08061,890,807,83
08062,5447,4953,494
08063,1069,891,178
08064,18,18,0
08065,2950,2068,882
08066,3692,2172,1520
08067,586,519,67
08068,2745,1677,1068
08069,4746,2435,2311
08070,4934,3629,1305
08071,3554,2640,914
08072,130,130,0
08073,55,55,0
08074,0,0,0
08075,10884,7880,3004
08077,6880,6004,876
08078,3179,2166,1013
08079,3886,2265,1621
08080,13028,11452,1576
08081,16999,13863,3136
08083,3729,2776,953
08084,2599,1978,621
08085,6813,5722,1091
08086,3219,2358,861
08087,10595,8874,1721
08088,9261,8586,675
08089,1563,1287,276
08090,2848,2608,240
08091,2107,1428,679
08092,1359,1131,228
08093,3557,2239,1318
08094,14743,12561,2182
08095,15,15,0
08096,13749,9680,4069
08097,1145,1022,123
08098,3362,2476,886
08102,2439,524,1915
08103,4720,1890,2830
08104,8573,3021,5552
08105,8597,3965,4632
08106,3965,2598,1367
08107,5280,2731,2549
08108,7385,4887,2498
08109,8514,6100,2414
08110,5703,4390,1313
08201,3807,2552,1255
08202,779,722,57
08203,4127,2997,1130
08204,7747,6087,1660
08205,10412,8114,2298
08210,6187,5087,1100
08212,99,94,5
08215,5071,3561,1510
08217,0,0,0
08221,2491,2145,346
08223,1725,1537,188
08224,187,166,21
08225,2832,2573,259
08226,5262,3609,1653
08230,2012,1787,225
08232,6256,3444,2812
08234,14011,12228,1783
08240,0,0,0
08241,393,368,25
08242,1243,851,392
08243,1020,913,107
08244,4504,2606,1898
08246,52,52,0
08247,469,427,42
08248,97,97,0
08251,4260,3383,877
08260,6154,4182,1972
08270,3019,2314,705
08302,13856,8134,5722
08310,548,433,115
08311,649,481,168
08312,3076,2416,660
08314,180,167,13
08316,139,115,24
08317,460,402,58
08318,4495,3988,507
08319,421,418,3
08320,0,0,0
08321,96,57,39
08322,3703,3391,312
08323,233,188,45
08324,112,104,8
08326,526,406,120
08327,160,139,21
08328,468,459,9
08329,124,99,25
08330,10714,7965,2749
08332,13876,8978,4898
08340,349,281,68
08341,999,388,611
08343,1662,1529,133
08344,1833,1515,318
08345,229,188,41
08346,222,191,31
08348,83,68,15
08349,727,648,79
08350,221,209,12
08352,190,171,19
08353,148,95,53
08360,14453,8492,5961
08361,6425,5388,1037
08401,15272,4070,11202
08402,3053,2506,547
08403,477,399,78
08406,4196,2611,1585
08501,2310,2120,190
08502,3561,2814,747
08505,6930,5156,1774
08510,1727,1621,106
08511,332,260,72
08512,4116,2407,1709
08514,1880,1631,249
08515,1723,1596,127
08518,2314,1632,682
08520,9276,6475,2801
08525,1885,1596,289
08527,20183,17209,2974
08528,43,32,11
08530,3183,2218,965
08533,2394,2031,363
08534,4946,4365,581
08535,1545,1489,56
08536,7801,3356,4445
08540,17700,11819,5881
08542,1769,530,1239
08550,6507,5553,954
08551,1789,1661,128
08553,229,184,45
08554,1446,1186,260
08555,270,241,29
08558,2518,2194,324
08559,2036,1716,320
08560,1342,1191,151
08561,115,98,17
08562,1739,1061,678
08608,556,12,544
08609,4170,1029,3141
08610,11194,7328,3866
08611,8109,2559,5550
08618,13004,5790,7214
08619,8597,6053,2544
08620,4138,3346,792
08628,3918,2597,1321
08629,3957,2678,1279
08638,8021,4859,3162
08640,878,5,873
08641,1179,0,1179
08648,11846,7867,3979
08690,6994,6220,774
08691,6000,5220,780
08701,23877,11624,12253
08720,226,208,18
08721,7453,6113,1340
08722,3766,3162,604
08723,13062,10223,2839
08724,16462,14201,2261
08730,1780,1617,163
08731,7725,6872,853
08732,582,473,109
08733,937,615,322
08734,3262,2889,373
08735,2015,1800,215
08736,4857,4247,610
08738,600,562,38
08740,748,507,241
08741,960,876,84
08742,9980,7835,2145
08750,1369,1264,105
08751,1883,975,908
08752,1220,929,291
08753,23403,18320,5083
08755,10312,8827,1485
08757,16713,14663,2050
08758,3443,2932,511
08759,19295,16681,2614
08801,2593,2181,412
08802,1443,1321,122
08804,1047,940,107
08805,4119,2318,1801
08807,13254,10927,2327
08808,89,67,22
08809,2097,1516,581
08810,2888,2370,518
08812,4684,3770,914
08816,16487,13344,3143
08817,15657,8595,7062
08820,12902,9280,3622
08821,131,119,12
08822,11727,9164,2563
08823,3594,2545,1049
08824,4080,3629,451
08825,1625,1255,370
08826,2162,1757,405
08827,1611,1425,186
08828,887,710,177
08829,1468,1131,337
08830,6240,4445,1795
08831,20977,18379,2598
08832,1014,215,799
08833,3242,2868,374
08835,3785,2505,1280
08836,1303,1222,81
08837,6329,3274,3055
08840,5997,4804,1193
08844,13613,11496,2117
08846,4943,3527,1416
08848,3087,2804,283
08850,2913,2514,399
08852,6612,4444,2168
08853,1858,1483,375
08854,16043,10625,5418
08857,14986,10016,4970
08858,48,48,0
08859,8299,5266,3033
08861,16665,5310,11355
08863,4388,3205,1183
08865,11605,7404,4201
08867,1772,1577,195
08869,2938,1676,1262
08872,7430,4349,3081
08873,19854,13885,5969
08876,8047,5543,2504
08879,8913,5018,3895
08880,1578,908,670
08882,5574,3505,2069
08884,3339,2611,728
08886,2487,2018,469
08887,510,409,101
08889,3764,3460,304
08890,7,0,7
08901,14893,2557,12336
08902,14249,8032,6217
08904,5608,2377,3231
10001,12431,3253,9178
10002,33540,4470,29070
10003,26124,8605,17519
10004,1659,635,1024
10005,4374,859,3515
10006,1794,306,1488
10007,2731,968,1763
10009,29728,1882,27846
10010,16390,4651,11739
10011,29128,10947,18181
10012,12041,2171,9870
10013,11986,3138,8848
10014,18229,5913,12316
10016,28916,8319,20597
10017,9905,4320,5585
10018,5095,462,4633
10019,25428,5064,20364
10020,0,0,0
10021,24996,11252,13744
10022,18049,9454,8595
10023,33693,14083,19610
10024,28751,11343,17408
10025,41910,12013,29897
10026,15458,2352,13106
10027,23811,3237,20574
10028,25318,8723,16595
10029,31690,2149,29541
10030,12736,1471,11265
10031,21959,2734,19225
10032,21222,1742,19480
10033,19652,2054,17598
10034,16095,1500,14595
10035,14428,1191,13237
10036,16183,1565,14618
10037,9731,485,9246
10038,10210,2732,7478
10039,11210,1515,9695
10040,16181,1679,14502
10044,4748,936,3812
10065,14844,5365,9479
10069,2552,675,1877
10075,11035,4933,6102
10103,0,0,0
10110,0,0,0
10111,0,0,0
10112,0,0,0
10115,0,0,0
10119,0,0,0
10128,30691,10129,20562
10152,0,0,0
10153,0,0,0
10154,0,0,0
10162,741,0,741
10165,0,0,0
10167,0,0,0
10168,0,0,0
10169,0,0,0
10170,0,0,0
10171,0,0,0
10172,0,0,0
10173,0,0,0
10174,0,0,0
10177,0,0,0
10199,55,0,55
10271,0,0,0
10278,0,0,0
10279,18,0,18
10280,4560,1233,3327
10282,2231,192,2039
10301,14489,6587,7902
10302,6149,3616,2533
10303,8156,4954,3202
10304,14172,7441,6731
10305,14663,9671,4992
10306,20007,14183,5824
10307,5314,4038,1276
10308,10648,8826,1822
10309,11464,9841,1623
10310,8346,5113,3233
10311,0,0,0
10312,21382,18246,3136
10314,31362,23323,8039
10451,19123,2488,16635
10452,26126,702,25424
10453,27266,972,26294
10454,13167,687,12480
10455,14401,1200,13201
10456,30774,1756,29018
10457,24634,1438,23196
10458,27282,1060,26222
10459,16382,1875,14507
10460,20443,2155,18288
10461,18927,6162,12765
10462,29543,6600,22943
10463,28682,9219,19463
10464,1893,1248,645
10465,15994,9004,6990
10466,23704,9191,14513
10467,36732,5011,31721
10468,26338,2000,24338
10469,22450,11439,11011
10470,6076,2222,3854
10471,8598,4193,4405
10472,21887,3122,18765
10473,20935,6189,14746
10474,3488,219,3269
10475,18759,8080,10679
10501,431,427,4
10502,1957,1663,294
10503,120,120,0
10504,2765,2484,281
10505,329,179,150
10506,1868,1758,110
10507,2080,987,1093
10509,6851,5289,1562
10510,3567,2976,591
10511,745,567,178
10512,9335,7681,1654
10514,3953,3829,124
10516,2200,1709,491
10517,175,100,75
10518,412,394,18
10519,98,98,0
10520,5218,3229,1989
10522,3671,2217,1454
10523,2898,1438,1460
10524,1422,1295,127
10526,627,535,92
10527,253,253,0
10528,4632,2676,1956
10530,5738,4569,1169
10532,1730,1480,250
10533,2623,2117,506
10535,143,48,95
10536,3572,3215,357
10537,725,570,155
10538,5744,4644,1100
10541,8972,7620,1352
10543,7549,4487,3062
10545,0,0,0
10546,482,432,50
10547,2423,1757,666
10548,1356,938,418
10549,5900,4128,1772
10550,13410,3065,10345
10552,8359,4653,3706
10553,3385,1845,1540
10560,1727,1379,348
10562,10900,6435,4465
10566,9598,4537,5061
10567,6812,6079,733
10570,4116,3363,753
10573,12489,6554,5935
10576,1841,1671,170
10577,825,711,114
10578,258,189,69
10579,3175,2871,304
10580,6058,4645,1413
10583,13746,11920,1826
10588,1163,754,409
10589,3722,3315,407
10590,2688,2428,260
10591,8742,4448,4294
10594,1580,1328,252
10595,2303,1618,685
10596,467,290,177
10597,351,351,0
10598,10521,9209,1312
10601,5626,1896,3730
10603,6934,4389,2545
10604,3760,2130,1630
10605,7276,5397,1879
10606,5580,2515,3065
10607,2345,1820,525
10701,22535,6985,15550
10703,7457,3734,3723
10704,12283,6830,5453
10705,14260,4291,9969
10706,3179,2514,665
10707,3956,2547,1409
10708,8933,6730,2203
10709,3710,2864,846
10710,10118,6855,3263
10801,14439,5617,8822
10803,3947,3016,931
10804,4920,4731,189
10805,7549,3056,4493
10901,8739,6520,2219
10910,0,0,0
10911,0,0,0
10913,1607,1582,25
10914,127,127,0
10915,36,36,0
10916,1323,1283,40
10917,532,399,133
10918,3885,3233,652
10919,500,477,23
10920,2964,2480,484
10921,1382,1052,330
10922,599,427,172
10923,2595,1629,966
10924,4294,2978,1316
10925,1648,1210,438
10926,1306,693,613
10927,3641,1507,2134
10928,1760,936,824
10930,2796,2566,230
10931,312,206,106
10932,49,49,0
10933,142,129,13
10940,18287,11020,7267
10941,4790,3188,1602
10950,12596,8095,4501
10952,9031,4129,4902
10953,49,49,0
10954,8319,6252,2067
10956,10330,9249,1081
10958,998,871,127
10960,6161,2855,3306
10962,1762,1484,278
10963,962,735,227
10964,549,449,100
10965,5431,4375,1056
10968,1118,772,346
10969,474,394,80
10970,3562,2733,829
10973,715,526,189
10974,1113,874,239
10975,114,65,49
10976,731,480,251
10977,16126,7545,8581
10979,78,78,0
10980,4774,4024,750
10983,1975,1838,137
10984,887,839,48
10985,54,54,0
10986,542,497,45
10987,1337,1079,258
10988,315,255,60
10989,3460,2984,476
10990,7453,5820,1633
10992,3076,2552,524
10993,1655,930,725
10994,2621,2448,173
10996,885,9,876
10998,995,832,163
11001,9144,7394,1750
11003,12256,9821,2435
11004,5178,3674,1504
11005,1271,1176,95
11010,7726,6427,1299
11020,1883,1536,347
11021,7949,5563,2386
11023,2836,2361,475
11024,2059,1785,274
11030,6360,5627,733
11040,12876,11500,1376
11042,0,0,0
11050,11058,7123,3935
11096,2581,1122,1459
11101,13169,2230,10939
11102,13072,1741,11331
11103,15665,2536,13129
11104,11619,2298,9321
11105,15363,4255,11108
11106,16992,3028,13964
11109,2954,291,2663
11201,28067,10403,17664
11203,27761,11278,16483
11204,23601,8748,14853
11205,16294,3925,12369
11206,31042,3274,27768
11207,33240,8440,24800
11208,32181,8377,23804
11209,29297,11028,18269
11210,22267,9906,12361
11211,39384,6484,32900
11212,31454,4649,26805
11213,25027,3903,21124
11214,31933,10629,21304
11215,28635,11611,17024
11216,24079,5328,18751
11217,17447,5217,12230
11218,24866,9106,15760
11219,24430,6687,17743
11220,28083,7302,20781
11221,30871,6646,24225
11222,17256,3091,14165
11223,27958,9964,17994
11224,18725,5203,13522
11225,24105,3777,20328
11226,36733,4564,32169
11228,15306,8443,6863
11229,30946,14601,16345
11230,30572,9090,21482
11231,15702,4919,10783
11232,8812,2222,6590
11233,29345,6657,22688
11234,31835,21649,10186
11235,32269,12770,19499
11236,33282,16228,17054
11237,16740,1668,15072
11238,24547,7328,17219
11239,6764,215,6549
11351,0,0,0
11354,20112,7781,12331
11355,27606,8316,19290
11356,7453,3298,4155
11357,14515,11239,3276
11358,13042,7207,5835
11359,0,0,0
11360,8583,6139,2444
11361,10026,5750,4276
11362,7151,5704,1447
11363,2661,2008,653
11364,13554,9993,3561
11365,15571,7373,8198
11366,4633,3269,1364
11367,14580,6802,7778
11368,28502,6175,22327
11369,10294,5609,4685
11370,7993,4082,3911
11371,0,0,0
11372,23814,7543,16271
11373,30285,8914,21371
11374,19416,7524,11892
11375,32857,16697,16160
11377,31400,9688,21712
11378,12604,6412,6192
11379,13504,8218,5286
11385,35126,11272,23854
11411,6270,5390,880
11412,11039,8206,2833
11413,12356,8768,3588
11414,10680,7453,3227
11415,8379,2999,5380
11416,7217,3124,4093
11417,9060,5451,3609
11418,10938,4761,6177
11419,12479,7351,5128
11420,13159,8799,4360
11421,11638,6460,5178
11422,9653,6399,3254
11423,9787,5672,4115
11424,0,0,0
11425,0,0,0
11426,6356,4832,1524
11427,7500,4499,3001
11428,5558,3832,1726
11429,7340,5280,2060
11430,0,0,0
11432,18547,6791,11756
11433,10519,4676,5843
11434,21462,10525,10937
11435,18874,6868,12006
11436,5581,4065,1516
11451,0,0,0
11501,7586,4979,2607
11507,2401,2340,61
11509,876,779,97
11510,10648,9238,1410
11514,1648,1162,486
11516,2165,1432,733
11518,3948,3010,938
11520,14086,9436,4650
11530,9423,8637,786
11542,9958,5140,4818
11545,4245,3763,482
11547,268,211,57
11548,521,360,161
11549,0,0,0
11550,16451,7508,8943
11552,7074,6178,896
11553,6325,4633,1692
11554,12217,10741,1476
11556,0,0,0
11557,2689,2286,403
11558,2927,2103,824
11559,2694,2281,413
11560,2328,1782,546
11561,16017,9533,6484
11563,8062,5920,2142
11565,3166,3087,79
11566,11113,10584,529
11568,1079,1001,78
11569,457,330,127
11570,10258,7326,2932
11572,10155,8953,1202
11575,4418,3257,1161
11576,4585,4106,479
11577,4300,3736,564
11579,1967,1424,543
11580,13302,11197,2105
11581,6854,5674,1180
11590,14082,10727,3355
11596,3567,3063,504
11598,3971,3407,564
11691,20594,4964,15630
11692,6815,2338,4477
11693,4845,2456,2389
11694,8468,4505,3963
11697,1365,1322,43
11701,8519,5755,2764
11702,4982,3943,1039
11703,5305,4341,964
11704,12568,9111,3457
11705,2729,2254,475
11706,18534,13573,4961
11709,2500,2038,462
11710,11329,9973,1356
11713,3208,2027,1181
11714,7915,7117,798
11715,1575,1408,167
11716,3625,2665,960
11717,13694,10115,3579
11718,1144,1082,62
11719,1161,914,247
11720,8855,7242,1613
11721,2271,2138,133
11722,9371,6226,3145
11724,999,848,151
11725,9823,9017,806
11726,5785,4335,1450
11727,11121,7127,3994
11729,8744,7119,1625
11730,4439,3851,588
11731,10044,8924,1120
11732,1456,1063,393
11733,5486,5119,367
11735,11479,9165,2314
11738,5243,4450,793
11739,293,293,0
11740,3140,2565,575
11741,9105,7291,1814
11742,4436,3634,802
11743,15108,13277,1831
11746,20696,17346,3350
11747,7048,6127,921
11749,960,871,89
11751,5038,4343,695
11752,2965,2448,517
11753,4282,3763,519
11754,6534,5305,1229
11755,4282,3684,598
11756,13499,12508,991
11757,14488,11367,3121
11758,18570,17001,1569
11762,7425,7209,216
11763,9420,7736,1684
11764,4100,3888,212
11765,231,206,25
11766,4252,4011,241
11767,5092,4517,575
11768,7830,6841,989
11769,3366,2844,522
11770,21,21,0
11771,3669,2863,806
11772,17066,10625,6441
11776,7929,6243,1686
11777,3431,2422,1009
11778,4105,3389,716
11779,12485,9552,2933
11780,5468,5007,461
11782,5220,4024,1196
11783,7024,6380,644
11784,7741,6397,1344
11786,1900,1764,136
11787,11842,10404,1438
11788,5478,4378,1100
11789,2845,2633,212
11790,4466,4115,351
11791,8241,7635,606
11792,2837,2596,241
11793,10381,9735,646
11794,0,0,0
11795,7899,7463,436
11796,1185,939,246
11797,3009,2610,399
11798,3601,2645,956
11801,12680,10999,1681
11803,9556,8688,868
11804,1729,1580,149
11901,9828,6722,3106
11930,445,382,63
11931,11,0,11
11932,466,409,57
11933,3165,2759,406
11934,2547,2216,331
11935,1261,1111,150
11937,6617,5600,1017
11939,449,364,85
11940,1850,1533,317
11941,718,596,122
11942,1795,1610,185
11944,1829,1264,565
11946,5813,3950,1863
11947,176,176,0
11948,350,350,0
11949,5014,4071,943
11950,4425,3529,896
11951,4327,3170,1157
11952,1982,1717,265
11953,5252,3689,1563
11954,1380,1186,194
11955,1778,812,966
11956,117,83,34
11957,361,313,48
11958,355,302,53
11959,327,251,76
11960,319,310,9
11961,5577,4701,876
11962,132,117,15
11963,2900,2353,547
11964,895,772,123
11965,310,264,46
11967,8054,6513,1541
11968,4448,3583,865
11970,139,119,20
11971,2556,2153,403
11972,460,336,124
11973,0,0,0
11975,84,76,8
11976,773,729,44
11977,833,701,132
11978,1263,911,352
11980,1803,1352,451
12007,0,0,0
12008,197,189,8
12009,2993,2449,544
12010,11571,7241,4330
12015,1113,835,278
12017,182,144,38
12018,2961,2531,430
12019,5994,4894,1100
12020,13525,10051,3474
12022,284,242,42
12023,805,734,71
12024,0,0,0
12025,2272,1854,418
12027,1471,1191,280
12028,335,285,50
12029,426,360,66
12031,82,63,19
12032,385,364,21
12033,3074,2331,743
12035,320,243,77
12036,94,85,9
12037,1882,1375,507
12040,66,66,0
12041,215,208,7
12042,104,82,22
12043,2910,1667,1243
12045,216,121,95
12046,395,366,29
12047,9153,4372,4781
12051,1489,1077,412
12052,668,520,148
12053,1312,1108,204
12054,6789,5012,1777
12056,746,658,88
12057,835,761,74
12058,594,467,127
12059,683,635,48
12060,680,605,75
12061,3766,2736,1030
12062,690,585,105
12063,161,112,49
12064,200,154,46
12065,17836,12458,5378
12066,796,716,80
12067,594,541,53
12068,1177,1000,177
12069,113,95,18
12070,684,614,70
12071,146,108,38
12072,998,829,169
12074,1145,1051,94
12075,1115,929,186
12076,654,571,83
12077,2713,2026,687
12078,9890,6356,3534
12083,1402,1201,201
12084,2112,552,1560
12085,167,25,142
12086,716,654,62
12087,316,272,44
12089,64,54,10
12090,2459,1623,836
12092,331,229,102
12093,672,569,103
12094,929,796,133
12095,4903,3412,1491
12106,1100,886,214
12108,85,70,15
12110,7419,5058,2361
12115,65,59,6
12116,748,607,141
12117,1389,1102,287
12118,6624,4386,2238
12120,265,225,40
12121,619,585,34
12122,1995,1606,389
12123,2135,1691,444
12124,194,185,9
12125,614,385,229
12130,256,181,75
12131,29,24,5
12132,103,65,38
12134,1465,1131,334
12136,288,266,22
12137,648,563,85
12138,1430,1151,279
12139,48,44,4
12140,682,588,94
12143,2041,1247,794
12144,8861,5099,3762
12147,228,203,25
12148,1728,1420,308
12149,981,685,296
12150,299,272,27
12151,355,296,59
12153,305,300,5
12154,1082,922,160
12155,733,555,178
12156,392,340,52
12157,1680,1373,307
12158,2580,2085,495
12159,3340,2442,898
12160,320,276,44
12161,88,74,14
12164,77,66,11
12165,77,63,14
12166,524,475,49
12167,1124,766,358
12168,921,737,184
12169,83,83,0
12170,1954,1601,353
12172,113,50,63
12173,791,593,198
12174,108,88,20
12175,222,195,27
12176,144,137,7
12177,166,99,67
12180,21551,9953,11598
12182,6110,3305,2805
12183,1247,485,762
12184,2551,1985,566
12185,826,718,108
12186,2425,2170,255
12187,261,180,81
12188,4616,3016,1600
12189,8212,3201,5011
12190,168,150,18
12192,705,647,58
12193,723,634,89
12194,50,50,0
12195,71,51,20
12196,1257,1099,158
12197,817,683,134
12198,2984,2398,586
12202,4349,979,3370
12203,13454,6681,6773
12204,3656,919,2737
12205,11149,7616,3533
12206,6226,1578,4648
12207,934,80,854
12208,9905,4883,5022
12209,3974,2343,1631
12210,5355,933,4422
12211,4082,3743,339
12222,0,0,0
12302,9783,7246,2537
12303,10283,7743,2540
12304,8164,4976,3188
12305,2196,417,1779
12306,9058,6674,2384
12307,1908,453,1455
12308,4977,2432,2545
12309,10456,8594,1862
12401,14531,8055,6476
12404,1348,1024,324
12405,193,130,63
12406,419,209,210
12407,69,69,0
12409,362,282,80
12410,213,195,18
12411,141,141,0
12412,266,168,98
12413,997,595,402
12414,4096,2468,1628
12416,112,73,39
12417,141,89,52
12418,152,126,26
12419,246,122,124
12420,126,107,19
12421,151,151,0
12422,103,101,2
12423,425,305,120
12424,139,110,29
12427,65,65,0
12428,2694,1550,1144
12429,100,68,32
12430,537,481,56
12431,404,313,91
12432,192,132,60
12433,291,260,31
12434,346,266,80
12435,100,52,48
12436,39,19,20
12438,9,9,0
12439,130,123,7
12440,838,648,190
12441,34,34,0
12442,482,283,199
12443,1520,1406,114
12444,205,183,22
12446,1865,1402,463
12448,235,210,25
12449,1242,762,480
12450,78,78,0
12451,457,338,119
12452,103,96,7
12453,142,90,52
12454,121,107,14
12455,851,659,192
12456,216,188,28
12457,431,288,143
12458,953,655,298
12459,124,124,0
12460,119,76,43
12461,730,563,167
12463,613,496,117
12464,459,309,150
12465,92,86,6
12466,1013,836,177
12468,413,355,58
12469,265,258,7
12470,183,139,44
12471,113,16,97
12472,626,406,220
12473,292,292,0
12474,450,353,97
12475,128,98,30
12477,7541,5301,2240
12480,326,321,5
12481,561,487,74
12482,182,158,24
12483,175,97,78
12484,1155,942,213
12485,685,452,233
12486,567,541,26
12487,1354,929,425
12489,135,113,22
12490,14,14,0
12491,668,573,95
12492,99,96,3
12493,108,76,32
12494,341,301,40
12495,98,91,7
12496,541,458,83
12498,2372,1846,526
12501,990,570,420
12502,447,350,97
12503,256,183,73
12504,42,12,30
12507,81,64,17
12508,7123,4095,3028
12512,64,64,0
12513,160,138,22
12514,1127,1054,73
12515,552,395,157
12516,588,469,119
12517,212,93,119
12518,2314,1397,917
12520,1026,718,308
12521,719,678,41
12522,1915,1339,576
12523,672,561,111
12524,5950,4187,1763
12525,1080,765,315
12526,1502,1159,343
12527,0,0,0
12528,4969,3386,1583
12529,1005,764,241
12530,92,42,50
12531,1092,910,182
12533,8512,7667,845
12534,7705,4674,3031
12538,4939,3512,1427
12540,2698,2489,209
12542,2313,1467,846
12543,1382,861,521
12545,1965,1110,855
12546,1208,692,516
12547,1023,746,277
12548,528,430,98
12549,3749,2826,923
12550,18991,10604,8387
12553,9323,6633,2690
12561,6340,4084,2256
12563,2433,1992,441
12564,2671,1957,714
12565,568,230,338
12566,3885,2944,941
12567,1209,886,323
12569,4091,2804,1287
12570,2507,2253,254
12571,3895,2932,963
12572,3587,2495,1092
12574,108,90,18
12575,775,726,49
12577,584,511,73
12578,861,716,145
12580,1644,1163,481
12581,986,767,219
12582,1350,1186,164
12583,933,621,312
12585,313,239,74
12586,4069,2992,1077
12589,4779,3925,854
12590,12799,9376,3423
12592,482,321,161
12594,1585,1155,430
12601,16137,6234,9903
12603,15431,11679,3752
12604,6,6,0
12701,4162,1957,2205
12719,542,444,98
12720,46,11,35
12721,1995,1488,507
12722,63,63,0
12723,668,543,125
12724,131,94,37
12725,55,51,4
12726,537,424,113
12729,765,540,225
12732,348,265,83
12733,319,143,176
12734,355,234,121
12736,32,28,4
12737,627,533,94
12738,111,57,54
12740,752,556,196
12741,93,67,26
12742,48,29,19
12743,156,98,58
12745,105,62,43
12746,366,324,42
12747,666,439,227
12748,880,715,165
12749,195,51,144
12750,95,70,25
12751,290,127,163
12752,121,67,54
12754,2414,1316,1098
12758,1584,1100,484
12759,665,466,199
12760,209,172,37
12762,258,148,110
12763,227,167,60
12764,743,581,162
12765,352,253,99
12766,194,141,53
12767,59,55,4
12768,269,210,59
12769,96,68,28
12770,97,89,8
12771,5897,3705,2192
12775,740,612,128
12776,936,798,138
12777,376,343,33
12778,248,196,52
12779,771,311,460
12780,856,790,66
12781,113,113,0
12783,582,473,109
12784,14,8,6
12785,394,323,71
12786,163,108,55
12787,118,113,5
12788,747,621,126
12789,877,452,425
12790,1592,1280,312
12791,230,135,95
12792,77,59,18
12801,6488,3299,3189
12803,3651,2361,1290
12804,10639,7926,2713
12808,162,162,0
12809,1346,1174,172
12810,302,279,23
12811,10,6,4
12812,43,37,6
12814,649,461,188
12815,467,408,59
12816,1969,1415,554
12817,1026,858,168
12819,124,103,21
12821,113,90,23
12822,2359,1869,490
12823,200,191,9
12824,443,387,56
12827,1409,1086,323
12828,3640,2718,922
12831,6297,4924,1373
12832,2768,1919,849
12833,1667,1436,231
12834,2443,2019,424
12835,1056,898,158
12836,289,257,32
12837,386,334,52
12838,241,210,31
12839,5414,2858,2556
12841,68,59,9
12842,264,212,52
12843,188,150,38
12844,120,96,24
12845,2027,1611,416
12846,1381,1173,208
12847,127,118,9
12849,173,173,0
12850,1190,908,282
12851,164,147,17
12852,222,209,13
12853,635,491,144
12855,124,104,20
12856,66,66,0
12857,239,198,41
12858,63,63,0
12859,907,771,136
12860,282,239,43
12861,288,258,30
12862,5,5,0
12863,248,221,27
12864,21,19,2
12865,1531,1316,215
12866,17363,10579,6784
12870,630,513,117
12871,1691,1247,444
12872,21,17,4
12873,349,320,29
12874,85,82,3
12878,255,228,27
12883,2093,1610,483
12884,183,131,52
12885,1949,1294,655
12886,129,115,14
12887,1758,1291,467
12901,13012,6951,6061
12903,671,350,321
12910,553,427,126
12911,6,6,0
12912,847,612,235
12913,521,432,89
12914,395,320,75
12916,808,562,246
12917,552,428,124
12918,885,788,97
12919,1252,941,311
12920,1010,764,246
12921,905,765,140
12922,20,18,2
12923,239,196,43
12924,40,29,11
12926,993,771,222
12927,128,106,22
12928,765,555,210
12929,304,219,85
12930,295,228,67
12932,481,369,112
12933,25,25,0
12934,388,293,95
12935,682,530,152
12936,200,176,24
12937,723,550,173
12939,96,63,33
12941,575,501,74
12942,397,367,30
12943,195,101,94
12944,1632,1172,460
12945,232,224,8
12946,1833,1042,791
12950,288,244,44
12952,154,96,58
12953,4859,3272,1587
12955,144,126,18
12956,455,373,82
12957,765,528,237
12958,1026,891,135
12959,540,482,58
12960,406,319,87
12961,115,85,30
12962,2384,2004,380
12964,59,21,38
12965,205,182,23
12966,1075,854,221
12967,471,396,75
12969,213,210,3
12970,154,107,47
12972,2287,1834,453
12973,41,41,0
12974,709,564,145
12975,137,98,39
12976,106,95,11
12977,34,34,0
12978,127,78,49
12979,1027,611,416
12980,528,433,95
12981,1027,906,121
12983,3346,2012,1334
12985,555,453,102
12986,2612,1828,784
12987,113,113,0
12989,456,412,44
12992,1981,1495,486
12993,693,542,151
12996,917,731,186
12997,533,419,114
12998,198,177,21
13020,40,40,0
13021,16813,10237,6576
13024,0,0,0
13026,579,440,139
13027,13860,10140,3720
13028,456,349,107
13029,2902,2172,730
13030,1585,1305,280
13031,6216,4824,1392
13032,4740,3400,1340
13033,1389,1223,166
13034,798,681,117
13035,3163,2616,547
13036,3639,2812,827
13037,3364,2812,552
13039,6544,5622,922
13040,1002,807,195
13041,4250,3843,407
13042,948,746,202
13044,1101,937,164
13045,10514,6341,4173
13051,123,55,68
13052,571,471,100
13053,1848,1389,459
13054,583,437,146
13057,6164,4526,1638
13060,1089,945,144
13061,443,366,77
13062,16,16,0
13063,733,644,89
13064,76,63,13
13066,5168,3973,1195
13068,2170,1493,677
13069,9236,6245,2991
13071,347,270,77
13072,301,253,48
13073,2578,1988,590
13074,1577,1236,341
13076,881,844,37
13077,2698,1920,778
13078,3830,3026,804
13080,1325,1085,240
13081,430,382,48
13082,1774,1486,288
13083,756,605,151
13084,1580,1244,336
13087,36,33,3
13088,10035,6029,4006
13090,11994,8566,3428
13092,984,854,130
13101,878,637,241
13102,20,20,0
13103,121,91,30
13104,5991,4803,1188
13108,2480,2049,431
13110,870,777,93
13111,621,529,92
13112,691,636,55
13113,94,74,20
13114,2333,1800,533
13115,95,66,29
13116,1400,991,409
13117,106,69,37
13118,2123,1725,398
13120,844,782,62
13122,416,322,94
13123,104,104,0
13124,41,41,0
13126,13715,9095,4620
13131,1390,1158,232
13132,1410,1210,200
13134,59,46,13
13135,2687,1826,861
13136,199,166,33
13138,0,0,0
13140,1759,1437,322
13141,245,199,46
13142,2578,1915,663
13143,1021,826,195
13144,621,465,156
13145,691,566,125
13146,811,693,118
13147,438,336,102
13148,4501,3211,1290
13152,3493,2954,539
13153,169,106,63
13155,256,200,56
13156,806,693,113
13157,256,189,67
13158,590,443,147
13159,2058,1683,375
13160,755,565,190
13162,233,120,113
13163,143,125,18
13164,851,773,78
13165,4379,3160,1219
13166,2217,1724,493
13167,1283,1042,241
13202,2518,131,2387
13203,7066,2000,5066
13204,7897,2317,5580
13205,7069,3062,4007
13206,7597,3881,3716
13207,5329,3258,2071
13208,8456,3742,4714
13209,5651,4000,1651
13210,7979,2220,5759
13211,2441,1645,796
13212,8891,6446,2445
13214,2879,2107,772
13215,5511,4471,1040
13219,6224,5013,1211
13224,3600,2325,1275
13290,0,0,0
13301,43,43,0
13302,632,549,83
13303,427,375,52
13304,655,542,113
13305,106,83,23
13308,1182,983,199
13309,2327,1802,525
13310,277,266,11
13312,180,151,29
13313,177,124,53
13314,143,143,0
13315,558,486,72
13316,2617,1904,713
13317,1541,1073,468
13318,490,459,31
13319,328,176,152
13320,833,681,152
13321,479,298,181
13322,410,264,146
13323,4077,2973,1104
13324,896,778,118
13325,412,385,27
13326,2439,1804,635
13327,778,644,134
13328,606,523,83
13329,1701,1224,477
13331,62,62,0
13332,1064,865,199
13333,22,12,10
13334,371,332,39
13335,556,454,102
13337,278,191,87
13338,557,493,64
13339,2328,1790,538
13340,3100,2322,778
13341,50,50,0
13342,81,75,6
13343,726,617,109
13345,77,51,26
13346,1710,1236,474
13348,573,467,106
13350,4020,2207,1813
13352,32,32,0
13353,8,3,5
13354,1439,1308,131
13355,307,250,57
13357,4271,2969,1302
13360,34,30,4
13361,277,250,27
13362,57,57,0
13363,926,815,111
13364,67,54,13
13365,3163,2314,849
13367,3108,2349,759
13368,436,346,90
13402,792,648,144
13403,1775,1439,336
13404,65,65,0
13406,297,270,27
13407,2058,1466,592
13408,895,761,134
13409,898,755,143
13410,93,72,21
13411,1289,1053,236
13413,6552,4879,1673
13415,26,16,10
13416,920,737,183
13417,1721,761,960
13418,107,80,27
13420,457,405,52
13421,5319,3302,2017
13424,938,676,262
13425,837,636,201
13428,631,406,225
13431,642,560,82
13433,655,514,141
13435,108,101,7
13436,39,35,4
13437,171,156,15
13438,1360,1192,168
13439,1519,1149,370
13440,16173,10121,6052
13441,64,0,64
13450,27,27,0
13452,1828,1377,451
13454,260,210,50
13456,1562,1298,264
13459,951,703,248
13460,1848,1307,541
13461,1271,966,305
13464,600,454,146
13468,181,123,58
13469,353,353,0
13470,302,285,17
13471,1248,1018,230
13472,38,38,0
13473,257,243,14
13475,6,3,3
13476,1379,1030,349
13477,562,468,94
13478,1073,912,161
13480,1379,1024,355
13483,102,88,14
13484,79,79,0
13485,437,392,45
13486,374,296,78
13488,56,46,10
13489,272,236,36
13490,709,518,191
13491,1365,1118,247
13492,4881,3805,1076
13493,683,563,120
13494,136,126,10
13495,884,589,295
13501,14238,6810,7428
13502,12992,7836,5156
13601,15299,7392,7907
13602,95,0,95
13603,3167,28,3139
13605,1846,1352,494
13606,1089,768,321
13607,640,393,247
13608,576,426,150
13612,970,647,323
13613,1040,767,273
13614,123,79,44
13615,452,328,124
13616,823,309,514
13617,3399,2342,1057
13618,756,634,122
13619,4170,2378,1792
13620,788,576,212
13621,218,185,33
13622,919,735,184
13623,10,6,4
13624,2013,1534,479
13625,786,672,114
13626,923,659,264
13628,90,58,32
13630,512,413,99
13633,121,100,21
13634,1530,1291,239
13635,435,313,122
13636,100,77,23
13637,1721,459,1262
13638,149,114,35
13639,118,105,13
13640,191,184,7
13641,32,32,0
13642,3777,2586,1191
13643,10,0,10
13646,905,703,202
13647,18,18,0
13648,914,764,150
13650,673,572,101
13651,82,70,12
13652,676,523,153
13654,896,772,124
13655,1171,952,219
13656,943,847,96
13658,905,758,147
13659,199,178,21
13660,594,443,151
13661,510,449,61
13662,7094,5002,2092
13664,128,108,20
13665,340,275,65
13666,94,84,10
13667,1326,877,449
13668,1445,1109,336
13669,6115,4345,1770
13670,188,161,27
13672,297,186,111
13673,915,543,372
13674,31,8,23
13675,60,60,0
13676,5323,3341,1982
13677,29,18,11
13678,124,49,75
13679,711,617,94
13680,482,421,61
13681,323,300,23
13682,319,285,34
13684,443,397,46
13685,1157,540,617
13687,215,186,29
13690,386,261,125
13691,1087,801,286
13692,39,39,0
13693,183,160,23
13694,652,481,171
13695,51,48,3
13696,29,16,13
13697,770,686,84
13730,1197,962,235
13731,441,372,69
13732,3011,2580,431
13733,2129,1688,441
13734,842,619,223
13736,779,612,167
13739,341,276,65
13740,239,207,32
13743,1394,1229,165
13744,464,424,40
13746,867,816,51
13748,1478,1260,218
13750,429,294,135
13751,40,12,28
13752,311,260,51
13753,1854,1255,599
13754,1324,967,357
13755,508,455,53
13756,189,135,54
13757,498,412,86
13760,19027,12417,6610
13774,70,49,21
13775,718,597,121
13776,232,173,59
13777,141,132,9
13778,2288,1783,505
13780,403,394,9
13782,289,246,43
13783,1124,827,297
13784,40,30,10
13786,178,150,28
13787,1366,839,527
13788,399,289,110
13790,7671,4463,3208
13794,19,19,0
13795,1463,1034,429
13796,592,481,111
13797,825,695,130
13801,609,498,111
13802,166,166,0
13803,1504,1210,294
13804,153,109,44
13806,124,89,35
13807,554,402,152
13808,586,462,124
13809,655,554,101
13810,498,400,98
13811,1625,1343,282
13812,929,795,134
13813,221,221,0
13815,5574,3539,2035
13820,7687,4526,3161
13825,1303,1010,293
13826,15,15,0
13827,5238,3729,1509
13830,2292,1737,555
13832,241,226,15
13833,1602,1419,183
13834,71,16,55
13835,506,414,92
13838,1864,1104,760
13839,455,411,44
13841,239,187,52
13842,165,141,24
13843,828,735,93
13844,272,218,54
13845,71,71,0
13846,158,155,3
13847,25,18,7
13849,1825,1525,300
13850,8653,6679,1974
13856,2605,1930,675
13859,94,75,19
13860,7,7,0
13861,156,143,13
13862,1722,1380,342
13863,284,215,69
13864,447,287,160
13865,2373,2182,191
13901,8153,4788,3365
13902,8,8,0
13903,7817,4932,2885
13904,3810,2627,1183
13905,11268,5535,5733
14001,4047,2925,1122
14004,4145,3514,631
14005,718,560,158
14006,4272,3458,814
14008,504,364,140
14009,2370,1860,510
14011,2655,2120,535
14012,914,748,166
14013,735,648,87
14020,9646,6099,3547
14024,620,560,60
14025,1452,1169,283
14026,325,191,134
14028,690,604,86
14030,685,577,108
14031,4039,3313,726
14032,3054,2821,233
14033,770,638,132
14034,733,670,63
14035,22,6,16
14036,1990,1621,369
14037,418,370,48
14039,37,28,9
14040,822,696,126
14041,55,53,2
14042,1560,1121,439
14043,10966,7580,3386
14047,2517,2106,411
14048,6118,3900,2218
14051,7800,6647,1153
14052,6890,5702,1188
14054,585,436,149
14055,654,563,91
14057,3278,2759,519
14058,745,606,139
14059,4199,3575,624
14060,152,133,19
14061,142,104,38
14062,1346,1171,175
14063,5175,3536,1639
14065,669,599,70
14066,511,431,80
14067,2074,1604,470
14068,2673,1954,719
14069,286,271,15
14070,2190,1495,695
14072,8288,6697,1591
14075,18060,13582,4478
14080,1748,1465,283
14081,1368,1003,365
14082,236,200,36
14085,2614,2553,61
14086,13063,10858,2205
14091,420,365,55
14092,4827,3860,967
14094,20203,14556,5647
14098,1165,948,217
14101,673,575,98
14102,438,392,46
14103,4579,3339,1240
14105,1810,1390,420
14108,2209,1946,263
14109,0,0,0
14111,1296,1021,275
14112,18,0,18
14113,247,203,44
14120,18805,13789,5016
14125,1387,1135,252
14126,259,194,65
14127,12094,9138,2956
14129,551,436,115
14130,66,56,10
14131,2049,1866,183
14132,2315,1903,412
14134,48,40,8
14135,75,29,46
14136,1877,1555,322
14138,737,617,120
14139,892,805,87
14141,3233,2250,983
14143,442,363,79
14145,715,611,104
14150,18759,13342,5417
14167,661,569,92
14168,7,7,0
14169,48,48,0
14170,1051,906,145
14171,791,701,90
14172,1245,1039,206
14173,156,73,83
14174,2334,1933,401
14201,5674,1336,4338
14202,1756,479,1277
14203,1079,6,1073
14204,4066,1348,2718
14206,8883,5403,3480
14207,9465,3210,6255
14208,4282,1802,2480
14209,3787,1016,2771
14210,6057,2930,3127
14211,9250,3663,5587
14212,4615,2174,2441
14213,9393,3015,6378
14214,7978,3630,4348
14215,16278,7381,8897
14216,10507,5293,5214
14217,10734,7182,3552
14218,7823,4076,3747
14219,5433,3477,1956
14220,9907,6373,3534
14221,23207,17258,5949
14222,6468,2258,4210
14223,9886,8163,1723
14224,17738,13710,4028
14225,15224,10644,4580
14226,12526,9103,3423
14227,10392,6734,3658
14228,9437,5034,4403
14261,6,0,6
14301,5526,2308,3218
14302,16,0,16
14303,2560,1073,1487
14304,12848,9572,3276
14305,6979,4103,2876
14411,4975,3433,1542
14414,3025,2190,835
14415,84,72,12
14416,1384,1083,301
14418,535,480,55
14420,7022,4379,2643
14422,912,776,136
14423,1858,1442,416
14424,11856,8311,3545
14425,4943,3371,1572
14427,826,661,165
14428,3048,2541,507
14432,2311,1831,480
14433,1539,1211,328
14435,1209,1078,131
14437,4116,3125,991
14441,119,93,26
14445,3397,1939,1458
14450,17112,13422,3690
14454,3312,1557,1755
14456,7431,4497,2934
14462,178,155,23
14464,2799,2414,385
14466,654,585,69
14467,3925,2547,1378
14468,6756,5545,1211
14469,2484,2122,362
14470,3208,2585,623
14471,1019,773,246
14472,3304,2536,768
14475,129,124,5
14476,940,756,184
14477,549,473,76
14478,255,242,13
14479,78,78,0
14480,366,225,141
14481,780,599,181
14482,3337,2373,964
14485,1593,1225,368
14486,157,147,10
14487,2418,2040,378
14489,2653,1981,672
14502,4141,3344,797
14504,778,593,185
14505,2042,1695,347
14506,476,476,0
14507,469,387,82
14510,1889,1265,624
14511,207,134,73
14512,1910,1628,282
14513,5802,3774,2028
14514,2680,1881,799
14516,930,772,158
14517,1265,921,344
14519,5051,3950,1101
14521,963,676,287
14522,4054,2862,1192
14525,1010,844,166
14526,8215,6896,1319
14527,4787,3530,1257
14529,38,38,0
14530,2179,1503,676
14532,1632,1173,459
14533,790,632,158
14534,11765,10640,1125
14536,261,187,74
14537,51,39,12
14539,60,60,0
14541,926,700,226
14542,35,25,10
14543,1259,1119,140
14544,750,612,138
14545,63,63,0
14546,1893,1363,530
14548,1532,1298,234
14549,46,34,12
14550,655,491,164
14551,2050,1636,414
14555,558,463,95
14559,6967,5634,1333
14560,812,749,63
14561,1108,943,165
14564,6014,4956,1058
14568,2158,2019,139
14569,2643,1621,1022
14571,558,487,71
14572,2139,1699,440
14580,21334,16329,5005
14585,62,57,5
14586,4322,3010,1312
14588,63,52,11
14589,2869,2144,725
14590,2151,1626,525
14591,626,531,95
14592,102,60,42
14604,1598,0,1598
14605,4346,1000,3346
14606,11590,6670,4920
14607,9647,1646,8001
14608,5071,1027,4044
14609,17380,10424,6956
14610,7014,4037,2977
14611,6370,1931,4439
14612,15151,10652,4499
14613,4874,1820,3054
14614,69,0,69
14615,7049,3509,3540
14616,11961,8291,3670
14617,9548,8100,1448
14618,8222,6356,1866
14619,5490,2736,2754
14620,11302,3630,7672
14621,12480,4322,8158
14622,5623,4376,1247
14623,8533,4707,3826
14624,14105,11337,2768
14625,4361,3936,425
14626,12638,8538,4100
14627,0,0,0
14701,16830,10125,6705
14706,2618,1990,628
14707,81,72,9
14708,65,65,0
14709,571,477,94
14710,1293,1136,157
14711,695,526,169
14712,1321,1021,300
14714,210,178,32
14715,1130,800,330
14716,862,562,300
14717,269,232,37
14718,761,600,161
14719,1375,1109,266
14720,323,157,166
14721,56,46,10
14722,50,50,0
14723,411,348,63
14724,826,697,129
14726,581,451,130
14727,2224,1857,367
14728,478,420,58
14729,408,316,92
14731,524,450,74
14732,52,52,0
14733,1570,1078,492
14735,1136,869,267
14736,103,77,26
14737,1771,1476,295
14738,1464,1259,205
14739,1193,969,224
14740,449,375,74
14741,727,650,77
14742,78,69,9
14743,776,678,98
14744,459,320,139
14747,855,733,122
14748,256,169,87
14750,2086,1484,602
14752,153,115,38
14753,483,393,90
14754,264,206,58
14755,1198,936,262
14756,45,45,0
14757,1284,1040,244
14760,8073,4616,3457
14767,686,531,155
14769,387,336,51
14770,1162,822,340
14772,1531,1067,464
14774,26,24,2
14775,1029,869,160
14777,301,238,63
14778,0,0,0
14779,2713,1537,1176
14781,791,628,163
14782,902,678,224
14783,125,104,21
14784,364,309,55
14787,2066,1490,576
14788,32,32,0
14801,2021,1598,423
14802,351,125,226
14803,411,269,142
14804,568,465,103
14805,445,353,92
14806,848,636,212
14807,1193,927,266
14808,221,192,29
14809,907,666,241
14810,5144,3232,1912
14812,1214,1007,207
14813,991,701,290
14814,714,517,197
14815,365,338,27
14816,202,193,9
14817,912,625,287
14818,921,793,128
14819,276,222,54
14820,316,274,42
14821,1354,1193,161
14822,434,375,59
14823,1487,1137,350
14824,221,182,39
14825,321,271,50
14826,790,674,116
14827,96,96,0
14830,8635,5530,3105
14836,318,308,10
14837,2149,1748,401
14838,755,712,43
14839,298,244,54
14840,1341,1080,261
14841,291,291,0
14842,300,288,12
14843,5298,3250,2048
14845,8614,6359,2255
14846,317,278,39
14847,1051,789,262
14850,24788,10793,13995
14853,0,0,0
14854,13,13,0
14855,311,266,45
14856,112,83,29
14858,527,461,66
14859,301,265,36
14860,556,438,118
14861,600,513,87
14864,494,444,50
14865,1203,788,415
14867,2361,1788,573
14869,532,374,158
14870,4077,2845,1232
14871,1984,1683,301
14872,249,230,19
14873,1000,894,106
14874,107,100,7
14877,187,148,39
14878,244,231,13
14879,873,741,132
14880,651,540,111
14881,136,70,66
14882,1705,1293,412
14883,1895,1298,597
14884,113,92,21
14885,253,224,29
14886,2982,2428,554
14889,601,508,93
14891,1702,1239,463
14892,3115,2101,1014
14893,0,0,0
14894,470,427,43
14895,4319,2880,1439
14897,325,295,30
14898,643,534,109
14901,5216,2450,2766
14903,3255,2129,1126
14904,6392,3773,2619
14905,3853,2600,1253
15001,13477,10074,3403
15003,5110,3299,1811
15004,111,75,36
15005,3995,3378,617
15006,187,176,11
15007,188,179,9
15009,6552,4911,1641
15010,11186,7621,3565
15012,6584,5150,1434
15014,1315,829,486
15015,476,451,25
15017,7347,5124,2223
15018,349,292,57
15019,717,526,191
15020,102,48,54
15021,3004,2385,619
15022,4425,3317,1108
15024,3668,2988,680
15025,6790,4698,2092
15026,1280,1079,201
15027,1010,804,206
15028,61,49,12
15030,523,275,248
15031,189,81,108
15033,1965,1124,841
15034,909,568,341
15035,987,612,375
15037,4514,3881,633
15038,131,105,26
15042,3774,3164,610
15043,769,705,64
15044,10390,9537,853
15045,2097,1349,748
15046,1019,841,178
15047,53,53,0
15049,507,387,120
15050,982,913,69
15051,221,144,77
15052,1315,1144,171
15053,51,40,11
15054,141,94,47
15055,677,538,139
15056,543,334,209
15057,5949,5176,773
15059,1721,907,814
15060,287,235,52
15061,5364,3802,1562
15062,3474,2538,936
15063,4808,3665,1143
15064,137,103,34
15065,4925,3630,1295
15066,5413,3471,1942
15067,999,688,311
15068,16325,11238,5087
15071,4532,3182,1350
15072,9,9,0
15074,3611,2338,1273
15075,68,45,23
15076,454,295,159
15077,62,41,21
15078,160,110,50
15081,181,124,57
15082,99,48,51
15083,339,281,58
15084,4613,2857,1756
15085,3256,2603,653
15086,144,92,52
15087,52,52,0
15088,162,106,56
15089,2926,2267,659
15090,9004,7159,1845
15101,9996,7927,2069
15102,12326,10062,2264
15104,3745,1623,2122
15106,9235,5968,3267
15108,16717,12094,4623
15110,2254,890,1364
15112,1428,617,811
15116,6162,5414,748
15120,8486,5000,3486
15122,8585,6690,1895
15126,3256,2434,822
15129,4444,3366,1078
15131,3691,2698,993
15132,9911,5075,4836
15133,2987,2369,618
15135,2213,1528,685
15136,9602,6012,3590
15137,4644,3128,1516
15139,3192,1907,1285
15140,1528,698,830
15142,596,451,145
15143,8436,6695,1741
15144,1886,1290,596
15145,3267,1473,1794
15146,12495,8401,4094
15147,8212,5639,2573
15148,1230,461,769
15201,6194,3442,2752
15202,10039,5233,4806
15203,5342,2113,3229
15204,3630,2256,1374
15205,10330,6162,4168
15206,14558,5875,8683
15207,4887,3024,1863
15208,4429,2203,2226
15209,5674,4051,1623
15210,11072,6541,4531
15211,5524,2727,2797
15212,13092,6827,6265
15213,9993,2560,7433
15214,6006,3674,2332
15215,5403,3845,1558
15216,10521,6438,4083
15217,11719,5972,5747
15218,6792,3846,2946
15219,5355,1416,3939
15220,8065,4789,3276
15221,16084,7589,8495
15222,2526,453,2073
15223,3118,2076,1042
15224,5593,2069,3524
15225,600,298,302
15226,6320,4505,1815
15227,11739,8238,3501
15228,7273,5284,1989
15229,6023,4325,1698
15232,6174,1686,4488
15233,1414,610,804
15234,6267,4408,1859
15235,15048,11495,3553
15236,12440,9638,2802
15237,18165,13877,4288
15238,5302,4108,1194
15239,8618,7088,1530
15241,7646,6608,1038
15243,5589,4896,693
15260,0,0,0
15290,0,0,0
15301,20311,13800,6511
15310,111,91,20
15311,650,547,103
15312,1460,1256,204
15313,150,127,23
15314,1623,1141,482
15315,246,206,40
15316,40,24,16
15317,15399,12429,2970
15320,2360,1701,659
15321,591,499,92
15322,829,704,125
15323,1781,1364,417
15324,270,173,97
15325,196,125,71
15327,652,521,131
15329,529,376,153
15330,1940,1744,196
15331,266,178,88
15332,3633,3067,566
15333,843,570,273
15334,52,47,5
15337,223,163,60
15338,657,526,131
15340,478,385,93
15341,325,245,80
15342,2163,1673,490
15344,589,490,99
15345,536,390,146
15346,199,194,5
15347,234,158,76
15348,117,79,38
15349,680,493,187
15350,153,109,44
15351,340,188,152
15352,384,318,66
15353,46,36,10
15357,553,467,86
15358,317,216,101
15359,73,53,20
15360,702,598,104
15361,71,41,30
15362,316,260,56
15363,211,124,87
15364,294,247,47
15366,82,71,11
15367,3012,2764,248
15368,172,116,56
15370,4929,3411,1518
15376,648,507,141
15377,214,168,46
15378,57,20,37
15379,48,40,8
15380,242,148,94
15401,13359,9022,4337
15410,525,443,82
15411,279,229,50
15412,210,181,29
15413,251,195,56
15417,3453,2418,1035
15419,1505,736,769
15420,86,65,21
15421,19,19,0
15422,88,47,41
15423,829,701,128
15424,919,674,245
15425,8164,5774,2390
15427,474,362,112
15428,771,671,100
15429,135,91,44
15430,139,125,14
15431,1770,1459,311
15432,212,148,64
15433,262,213,49
15434,99,83,16
15435,215,175,40
15436,1172,808,364
15437,917,649,268
15438,828,737,91
15440,101,95,6
15442,800,632,168
15443,15,15,0
15444,169,154,15
15445,1154,943,211
15446,153,133,20
15447,21,21,0
15448,106,88,18
15449,155,155,0
15450,64,46,18
15451,465,410,55
15454,72,58,14
15455,165,127,38
15456,1149,928,221
15458,969,807,162
15459,622,465,157
15460,39,34,5
15461,1897,1239,658
15462,190,190,0
15463,17,17,0
15464,604,523,81
15466,185,162,23
15467,58,49,9
15468,924,677,247
15469,887,697,190
15470,309,261,48
15472,65,14,51
15473,1681,1303,378
15474,732,489,243
15475,505,358,147
15476,42,42,0
15477,389,307,82
15478,2431,1933,498
15479,783,686,97
15480,767,644,123
15482,164,149,15
15483,197,147,50
15484,45,41,4
15486,943,843,100
15489,189,167,22
15490,251,181,70
15492,52,52,0
15501,6380,4541,1839
15502,69,60,9
15510,0,0,0
15520,112,100,12
15521,663,566,97
15522,4864,3767,1097
15530,2096,1703,393
15531,1569,1228,341
15532,48,34,14
15533,599,454,145
15534,416,340,76
15535,868,758,110
15536,171,149,22
15537,3228,2381,847
15538,294,261,33
15539,218,186,32
15540,110,92,18
15541,1409,1286,123
15542,453,362,91
15544,52,52,0
15545,1040,888,152
15546,87,87,0
15547,192,147,45
15550,726,601,125
15551,322,259,63
15552,2293,1685,608
15554,961,766,195
15555,47,43,4
15557,1457,1136,321
15558,825,624,201
15559,805,688,117
15560,69,55,14
15561,90,69,21
15562,58,50,8
15563,1247,1071,176
15564,23,19,4
15601,24791,17894,6897
15610,1564,1470,94
15611,330,255,75
15612,164,150,14
15613,5920,4899,1021
15615,127,119,8
15616,0,0,0
15617,153,130,23
15618,1032,802,230
15620,325,242,83
15621,45,11,34
15622,587,459,128
15623,263,221,42
15624,99,70,29
15625,14,14,0
15626,2526,2054,472
15627,2802,2237,565
15628,265,205,60
15629,335,187,148
15631,489,319,170
15632,4003,2997,1006
15633,252,119,133
15634,138,86,52
15635,65,65,0
15636,1423,1313,110
15637,635,509,126
15638,96,81,15
15639,875,643,232
15640,220,214,6
15641,236,207,29
15642,18185,15232,2953
15644,8390,6210,2180
15646,59,39,20
15647,100,84,16
15650,11134,8378,2756
15655,153,119,34
15656,4212,3405,807
15658,4044,3270,774
15660,171,171,0
15661,223,135,88
15662,76,76,0
15663,213,178,35
15665,543,418,125
15666,6775,5231,1544
15668,5214,4798,416
15670,1477,1224,253
15671,283,283,0
15672,1436,1027,409
15673,580,461,119
15675,334,266,68
15676,304,191,113
15677,159,143,16
15678,283,187,96
15679,1229,1052,177
15680,69,64,5
15681,1865,1508,357
15683,3553,2711,842
15684,287,255,32
15686,350,320,30
15687,496,460,36
15688,462,423,39
15689,143,111,32
15690,3772,2650,1122
15691,41,41,0
15692,548,450,98
15693,76,60,16
15695,192,168,24
15696,188,156,32
15697,1412,932,480
15698,249,231,18
15701,13226,7526,5700
15710,83,66,17
15711,182,164,18
15712,74,50,24
15713,156,156,0
15714,1982,1552,430
15715,192,154,38
15716,272,121,151
15717,4167,3031,1136
15721,93,74,19
15722,954,814,140
15723,13,13,0
15724,901,758,143
15725,647,561,86
15727,87,61,26
15728,1340,951,389
15729,589,505,84
15730,31,28,3
15731,231,178,53
15732,598,545,53
15733,75,71,4
15734,166,135,31
15736,358,224,134
15737,30,30,0
15738,106,83,23
15739,200,151,49
15741,24,21,3
15742,338,295,43
15744,64,57,7
15745,83,73,10
15746,67,39,28
15747,841,637,204
15748,2820,2206,614
15750,116,57,59
15752,17,0,17
15753,193,179,14
15754,245,229,16
15756,121,87,34
15757,615,516,99
15759,1103,896,207
15760,56,39,17
15761,66,29,37
15762,354,323,31
15764,87,84,3
15765,693,584,109
15767,5889,4275,1614
15770,80,78,2
15771,394,333,61
15772,581,496,85
15773,188,179,9
15774,1025,903,122
15775,359,286,73
15776,25,22,3
15777,58,58,0
15778,60,51,9
15779,181,144,37
15780,71,68,3
15781,42,42,0
15783,57,34,23
15784,30,29,1
15801,7759,5670,2089
15821,59,55,4
15823,563,454,109
15824,2240,1652,588
15825,3676,2771,905
15827,116,92,24
15828,122,114,8
15829,506,401,105
15832,119,106,13
15834,2025,1441,584
15840,850,650,200
15841,148,124,24
15845,1376,1058,318
15846,1523,1381,142
15847,152,128,24
15848,383,312,71
15849,490,433,57
15851,2768,2090,678
15853,2852,2055,797
15856,367,341,26
15857,5739,4289,1450
15860,484,430,54
15861,68,60,8
15863,118,100,18
15864,656,551,105
15865,614,392,222
15866,101,86,15
15868,585,469,116
15870,541,478,63
15901,2059,571,1488
15902,5212,3259,1953
15904,6394,4383,2011
15905,8948,6756,2192
15906,4919,3196,1723
15909,2219,1909,310
15920,339,301,38
15921,48,44,4
15922,74,61,13
15923,619,522,97
15924,430,397,33
15925,74,52,22
15926,1131,990,141
15927,519,470,49
15928,782,596,186
15929,32,14,18
15930,54,54,0
15931,3630,2650,980
15934,61,61,0
15935,1353,1143,210
15936,637,545,92
15937,284,229,55
15938,967,822,145
15940,656,522,134
15942,933,905,28
15943,1560,1280,280
15944,1296,1088,208
15945,46,46,0
15946,2851,2343,508
15948,209,158,51
15949,221,205,16
15951,211,200,11
15952,657,447,210
15953,43,29,14
15954,940,718,222
15955,923,870,53
15956,1111,897,214
15957,248,224,24
15958,841,719,122
15960,205,175,30
15961,325,267,58
15962,59,44,15
15963,4706,3469,1237
16001,17657,11614,6043
16002,6052,5183,869
16020,458,383,75
16022,142,105,37
16023,1989,1317,672
16024,108,86,22
16025,2106,1813,293
16027,97,75,22
16028,814,597,217
16029,323,253,70
16030,131,85,46
16033,2621,1970,651
16034,681,589,92
16035,40,26,14
16036,86,72,14
16037,1864,1557,307
16038,1375,1149,226
16040,391,318,73
16041,861,698,163
16045,450,236,214
16046,6135,4893,1242
16048,57,50,7
16049,1256,993,263
16050,612,512,100
16051,1213,1027,186
16052,1026,892,134
16053,1860,1695,165
16054,166,146,20
16055,3311,2924,387
16056,2132,1595,537
16057,4777,2750,2027
16059,3315,2785,530
16061,1032,925,107
16063,3088,1960,1128
16066,11834,9417,2417
16101,14214,9813,4401
16102,2437,1765,672
16105,6553,5070,1483
16110,138,132,6
16111,493,421,72
16112,645,562,83
16113,193,166,27
16114,250,214,36
16115,1226,1032,194
16116,1117,960,157
16117,7244,5395,1849
16120,903,736,167
16121,2070,1165,905
16123,786,714,72
16124,805,703,102
16125,6892,5120,1772
16127,5337,3988,1349
16130,891,746,145
16131,346,272,74
16132,116,83,33
16133,599,530,69
16134,1597,1366,231
16136,349,238,111
16137,4493,3611,882
16140,14,7,7
16141,706,605,101
16142,2190,1668,522
16143,1182,1047,135
16145,1172,956,216
16146,6029,3145,2884
16148,7455,5361,2094
16150,3020,2220,800
16151,52,39,13
16153,1052,841,211
16154,1092,982,110
16155,45,9,36
16156,1171,1006,165
16157,1343,1129,214
16159,1959,1566,393
16160,395,300,95
16161,374,257,117
16201,7448,5328,2120
16210,345,290,55
16211,56,53,3
16212,162,138,24
16213,46,26,20
16214,4271,1924,2347
16217,42,36,6
16218,380,363,17
16222,946,801,145
16223,90,79,11
16224,463,367,96
16226,3381,2450,931
16228,209,173,36
16229,2230,1669,561
16230,162,116,46
16232,1635,1289,346
16233,474,403,71
16235,498,424,74
16236,76,76,0
16238,177,127,50
16239,507,412,95
16240,599,430,169
16242,1880,1342,538
16244,106,98,8
16245,97,53,44
16246,106,78,28
16248,1246,882,364
16249,834,691,143
16250,203,191,12
16253,33,29,4
16254,1278,1070,208
16255,626,513,113
16256,544,477,67
16258,893,561,332
16259,780,647,133
16260,142,112,30
16262,1106,908,198
16263,119,107,12
16301,6598,4766,1832
16311,199,172,27
16312,3,3,0
16313,719,610,109
16314,2155,1797,358
16316,2448,1892,556
16317,524,477,47
16319,562,537,25
16321,39,28,11
16322,39,37,2
16323,6765,4762,2003
16326,154,142,12
16327,1196,1043,153
16328,58,25,33
16329,206,180,26
16331,25,25,0
16332,12,2,10
16333,142,131,11
16334,131,119,12
16335,11476,7019,4457
16340,747,670,77
16341,754,658,96
16342,777,654,123
16343,255,188,67
16344,187,127,60
16345,1486,1322,164
16346,1416,962,454
16347,942,767,175
16350,964,753,211
16351,694,539,155
16352,106,96,10
16353,1131,999,132
16354,4537,3057,1480
16360,564,471,93
16361,13,13,0
16362,425,376,49
16364,480,407,73
16365,8006,5572,2434
16370,88,78,10
16371,1342,962,380
16372,205,148,57
16373,1359,1121,238
16374,761,661,100
16401,1747,1310,437
16402,343,326,17
16403,2371,1806,565
16404,1290,1029,261
16405,293,234,59
16406,1257,1017,240
16407,4472,2925,1547
16410,612,559,53
16411,614,483,131
16412,4204,2878,1326
16415,3297,2932,365
16416,67,56,11
16417,3067,2219,848
16420,256,234,22
16421,998,806,192
16422,172,151,21
16423,1786,1393,393
16424,2046,1724,322
16426,1501,1256,245
16427,57,44,13
16428,4986,3611,1375
16433,2020,1683,337
16434,933,767,166
16435,698,565,133
16436,232,191,41
16438,3165,2496,669
16440,387,330,57
16441,3954,3333,621
16442,1077,921,156
16443,521,444,77
16444,0,0,0
16501,1338,33,1305
16502,6869,2667,4202
16503,5813,1979,3834
16504,6299,4333,1966
16505,7599,5623,1976
16506,10016,6986,3030
16507,3589,1068,2521
16508,6867,4578,2289
16509,12103,8227,3876
16510,10016,7544,2472
16511,4943,3002,1941
16546,0,0,0
16563,0,0,0
16601,13455,9301,4154
16602,12455,8035,4420
16611,1028,875,153
16613,563,501,62
16616,57,44,13
16617,1179,909,270
16619,130,108,22
16620,134,119,15
16621,276,213,63
16622,70,70,0
16623,220,167,53
16624,70,49,21
16625,1551,1018,533
16627,835,688,147
16630,1903,1347,556
16631,30,26,4
16633,99,75,24
16634,158,133,25
16635,5242,4088,1154
16636,301,288,13
16637,959,669,290
16638,13,11,2
16639,618,554,64
16640,322,297,25
16641,1038,835,203
16645,70,65,5
16646,969,812,157
16647,330,275,55
16648,6204,4527,1677
16650,753,614,139
16651,1315,1022,293
16652,5659,3920,1739
16655,583,516,67
16656,474,414,60
16657,511,431,80
16659,116,61,55
16661,339,289,50
16662,2204,1574,630
16664,725,638,87
16665,117,80,37
16666,1256,1104,152
16667,554,393,161
16668,1448,1176,272
16669,845,658,187
16670,30,24,6
16671,199,159,40
16672,68,47,21
16673,2201,1672,529
16674,255,214,41
16677,118,118,0
16678,1078,848,230
16679,335,281,54
16680,177,150,27
16682,19,14,5
16683,145,118,27
16685,60,60,0
16686,5408,3826,1582
16689,192,184,8
16691,145,129,16
16692,277,225,52
16693,1498,1175,323
16694,61,61,0
16695,426,347,79
16699,0,0,0
16701,7334,4918,2416
16720,498,428,70
16724,58,48,10
16725,108,90,18
16726,266,226,40
16727,52,40,12
16728,24,24,0
16729,362,287,75
16730,47,40,7
16731,1022,842,180
16732,150,133,17
16733,89,76,13
16734,118,98,20
16735,2556,1883,673
16738,570,490,80
16740,455,336,119
16743,1634,1191,443
16744,119,119,0
16745,220,208,12
16746,497,402,95
16748,1027,814,213
16749,1646,1323,323
16750,202,161,41
16801,17841,7236,10605
16802,16,0,16
16803,10400,4777,5623
16820,373,323,50
16821,124,124,0
16822,808,623,185
16823,10982,8353,2629
16825,83,83,0
16826,188,183,5
16827,1831,1567,264
16828,1803,1517,286
16829,269,245,24
16830,5834,3933,1901
16832,175,145,30
16833,2214,1666,548
16834,76,76,0
16835,73,59,14
16836,433,389,44
16837,50,50,0
16838,735,642,93
16839,245,227,18
16840,209,178,31
16841,2270,1915,355
16843,396,337,59
16844,1063,927,136
16845,297,260,37
16847,165,140,25
16848,168,115,53
16849,179,168,11
16851,354,309,45
16852,131,103,28
16853,93,25,68
16854,277,210,67
16855,126,126,0
16858,1393,1223,170
16859,241,202,39
16860,144,81,63
16861,106,103,3
16863,275,192,83
16865,669,626,43
16866,3572,2410,1162
16868,201,201,0
16870,2653,2305,348
16871,23,21,2
16872,463,346,117
16874,519,459,60
16875,1482,1174,308
16876,127,98,29
16877,799,686,113
16878,774,696,78
16879,170,129,41
16881,986,877,109
16882,155,116,39
16901,4055,3151,904
16911,143,125,18
16912,788,546,242
16914,819,660,159
16915,2260,1674,586
16917,476,397,79
16920,803,519,284
16921,198,158,40
16922,816,617,199
16923,602,488,114
16925,1255,1060,195
16926,365,314,51
16927,230,184,46
16928,525,383,142
16929,943,741,202
16930,478,377,101
16932,307,221,86
16933,2755,1687,1068
16935,532,435,97
16936,741,582,159
16937,80,66,14
16938,268,221,47
16939,133,91,42
16940,97,66,31
16941,38,36,2
16942,305,243,62
16943,211,153,58
16946,1010,738,272
16947,1786,1298,488
16948,582,423,159
16950,1272,955,317
17002,240,171,69
17003,4256,3222,1034
17004,1711,1197,514
17005,139,109,30
17006,342,280,62
17007,2333,2000,333
17009,854,567,287
17010,66,0,66
17011,13586,9465,4121
17013,14169,8520,5649
17015,7988,7174,814
17016,342,138,204
17017,686,561,125
17018,1786,1528,258
17019,7003,5639,1364
17020,3676,2822,854
17021,380,293,87
17022,11155,7402,3753
17023,1339,953,386
17024,724,612,112
17025,7108,5200,1908
17026,1404,1207,197
17027,207,105,102
17028,1547,1352,195
17029,75,64,11
17030,338,267,71
17032,3193,2665,528
17033,6390,3562,2828
17034,1111,546,565
17035,370,283,87
17036,9384,6891,2493
17037,345,256,89
17038,3237,2411,826
17039,32,32,0
17040,908,750,158
17041,64,64,0
17042,14699,9892,4807
17043,2944,1472,1472
17044,9138,5774,3364
17045,1230,994,236
17046,11567,7117,4450
17047,894,680,214
17048,1468,1133,335
17049,1109,938,171
17050,15219,11763,3456
17051,1962,1562,400
17052,623,537,86
17053,2084,1653,431
17055,15692,10835,4857
17056,10,10,0
17057,9240,6463,2777
17058,696,463,233
17059,3178,2386,792
17060,463,365,98
17061,3045,2161,884
17062,1565,1384,181
17063,1428,1071,357
17064,372,296,76
17065,1709,1266,443
17066,2308,1497,811
17067,5831,4799,1032
17068,1567,1199,368
17069,55,19,36
17070,6884,5152,1732
17071,53,45,8
17072,107,54,53
17073,1943,1604,339
17074,2908,2128,780
17075,46,43,3
17076,14,14,0
17077,34,18,16
17078,9071,6199,2872
17080,99,92,7
17081,234,151,83
17082,1252,936,316
17083,15,9,6
17084,1721,1431,290
17086,896,647,249
17087,945,834,111
17088,357,233,124
17090,2477,2215,262
17093,452,255,197
17094,1013,748,265
17097,332,283,49
17098,981,720,261
17099,534,411,123
17101,1432,78,1354
17102,3954,1217,2737
17103,4784,1835,2949
17104,7594,2942,4652
17109,10530,5553,4977
17110,10252,6131,4121
17111,12701,8177,4524
17112,14576,12226,2350
17113,3958,2411,1547
17120,0,0,0
17201,10979,5326,5653
17202,10932,8482,2450
17210,65,42,23
17211,180,159,21
17212,264,243,21
17213,204,165,39
17214,455,284,171
17215,94,77,17
17217,87,65,22
17219,115,105,10
17220,189,113,76
17221,246,170,76
17222,4912,3821,1091
17223,121,87,34
17224,650,571,79
17225,7156,5283,1873
17228,416,353,63
17229,529,436,93
17233,2255,1580,675
17235,325,124,201
17236,3359,2656,703
17237,639,489,150
17238,635,523,112
17239,97,90,7
17240,1252,983,269
17241,4622,3640,982
17243,592,429,163
17244,906,751,155
17246,78,57,21
17247,155,14,141
17249,170,156,14
17250,60,31,29
17251,53,43,10
17252,1653,1308,345
17253,123,95,28
17254,43,43,0
17255,438,371,67
17256,63,63,0
17257,11126,7020,4106
17260,447,384,63
17261,0,0,0
17262,545,392,153
17263,120,92,28
17264,950,777,173
17265,253,217,36
17266,190,132,58
17267,1122,917,205
17268,11913,8119,3794
17270,27,27,0
17271,103,86,17
17272,243,205,38
17301,1605,1423,182
17302,1018,810,208
17304,1118,876,242
17306,93,58,35
17307,2305,1728,577
17309,791,591,200
17311,91,59,32
17313,4501,3091,1410
17314,2009,1577,432
17315,10342,8686,1656
17316,3087,2676,411
17317,237,193,44
17318,191,117,74
17319,4498,3676,822
17320,3034,2704,330
17321,887,754,133
17322,2240,2011,229
17324,1615,1368,247
17325,10477,7417,3060
17327,2798,2276,522
17329,862,741,121
17331,20975,15337,5638
17339,2862,2280,582
17340,4240,3408,832
17343,19,19,0
17344,1548,980,568
17345,3454,2434,1020
17347,2352,2073,279
17349,2705,2516,189
17350,4946,3706,1240
17352,520,441,79
17353,1424,1255,169
17355,121,80,41
17356,8417,6441,1976
17360,2537,2257,280
17361,2476,1926,550
17362,5051,4294,757
17363,3591,3193,398
17364,1478,1378,100
17365,1032,933,99
17366,2090,1751,339
17368,3034,2469,565
17370,2069,1784,285
17371,100,76,24
17372,1615,1226,389
17401,6550,1654,4896
17402,13642,9417,4225
17403,14748,9443,5305
17404,13673,9529,4144
17406,9201,7225,1976
17407,769,715,54
17408,9404,7143,2261
17501,1828,1011,817
17502,1046,872,174
17505,515,335,180
17507,30,14,16
17508,175,160,15
17509,1322,949,373
17512,7288,4573,2715
17516,1792,1554,238
17517,5839,4633,1206
17518,477,367,110
17519,2157,1605,552
17520,1954,1612,342
17522,12778,8661,4117
17527,1886,1481,405
17529,1384,1014,370
17532,1097,906,191
17535,734,426,308
17536,793,666,127
17538,2462,2026,436
17540,3690,2433,1257
17543,17048,12254,4794
17545,8208,6436,1772
17547,2708,1972,736
17550,329,177,152
17551,4010,2473,1537
17552,8201,5684,2517
17554,3018,1794,1224
17555,2169,1750,419
17557,5207,3513,1694
17560,1972,1608,364
17562,1322,967,355
17563,1204,899,305
17565,978,843,135
17566,4045,3081,964
17569,2052,1768,284
17570,106,42,64
17572,1513,989,524
17576,69,69,0
17578,2602,2128,474
17579,2124,1669,455
17581,283,217,66
17582,845,771,74
17584,3868,2649,1219
17601,20609,14751,5858
17602,18940,9997,8943
17603,25531,14685,10846
17606,230,0,230
17701,17706,9981,7725
17702,4328,3133,1195
17721,671,493,178
17723,19,18,1
17724,1891,1276,615
17727,49,49,0
17728,2087,1745,342
17729,28,28,0
17730,53,0,53
17731,113,108,5
17737,2592,2026,566
17739,21,19,2
17740,4933,3631,1302
17742,12,9,3
17744,1279,997,282
17745,7187,4233,2954
17747,1061,877,184
17748,114,103,11
17749,144,100,44
17750,56,46,10
17751,2583,2143,440
17752,1705,1260,445
17754,5046,4058,988
17756,4377,3427,950
17758,403,370,33
17760,280,264,16
17762,221,177,44
17763,72,68,4
17764,914,666,248
17765,412,318,94
17767,64,44,20
17768,160,139,21
17771,1271,1113,158
17772,962,807,155
17774,551,452,99
17776,124,103,21
17777,3017,2223,794
17778,40,34,6
17779,106,25,81
17801,7004,4331,2673
17810,790,644,146
17812,509,355,154
17813,778,586,192
17814,1947,1633,314
17815,11432,7081,4351
17820,2334,1815,519
17821,7610,5304,2306
17822,0,0,0
17823,483,373,110
17824,1764,1578,186
17827,279,219,60
17829,84,72,12
17830,813,661,152
17832,297,281,16
17834,1583,962,621
17835,113,75,38
17836,73,56,17
17837,6603,4359,2244
17840,233,221,12
17841,1736,1392,344
17842,3284,2527,757
17844,3828,3067,761
17845,714,557,157
17846,1564,1251,313
17847,4816,3378,1438
17850,331,228,103
17851,3705,2410,1295
17853,1141,886,255
17855,413,324,89
17856,1235,907,328
17857,3116,2370,746
17859,1134,973,161
17860,932,831,101
17861,58,53,5
17862,170,78,92
17864,724,539,185
17865,39,36,3
17866,3426,2491,935
17867,49,39,10
17868,484,433,51
17870,5544,3837,1707
17872,4273,2665,1608
17876,859,478,381
17878,544,468,76
17880,45,14,31
17881,626,513,113
17884,93,56,37
17885,88,77,11
17886,499,188,311
17887,141,141,0
17888,127,110,17
17889,918,796,122
17901,9838,7124,2714
17920,175,163,12
17921,2802,2163,639
17922,1926,1749,177
17923,205,156,49
17925,162,129,33
17929,655,454,201
17930,203,133,70
17931,2146,1633,513
17933,46,34,12
17934,184,173,11
17935,650,523,127
17936,306,251,55
17938,912,760,152
17941,319,257,62
17943,60,60,0
17944,57,52,5
17945,76,68,8
17946,83,45,38
17948,1910,1262,648
17949,109,101,8
17951,116,116,0
17952,103,97,6
17953,217,160,57
17954,1967,1358,609
17957,162,152,10
17959,584,458,126
17960,1678,1504,174
17961,2798,2166,632
17963,3540,2875,665
17964,292,236,56
17965,904,689,215
17967,1053,904,149
17968,99,80,19
17970,1377,925,452
17972,4755,3577,1178
17974,139,82,57
17976,2690,1823,867
17978,121,66,55
17979,100,100,0
17980,1261,1048,213
17981,1067,838,229
17982,219,196,23
17983,630,395,235
17985,539,474,65
18011,2066,1742,324
18013,6703,4961,1742
18014,4374,3666,708
18015,11151,5868,5283
18016,0,0,0
18017,15457,10826,4631
18018,13327,6915,6412
18020,7723,6761,962
18030,327,168,159
18031,3904,2461,1443
18032,3848,2502,1346
18034,2993,2479,514
18035,33,33,0
18036,5214,4565,649
18037,3064,2425,639
18038,1154,1032,122
18040,6326,5812,514
18041,1930,1447,483
18042,15141,8197,6944
18045,10327,8456,1871
18046,17,17,0
18049,7461,5263,2198
18051,1426,1275,151
18052,11070,6954,4116
18053,789,675,114
18054,1669,1369,300
18055,4793,3490,1303
18056,331,325,6
18058,3599,3063,536
18059,447,438,9
18062,10266,8614,1652
18063,297,246,51
18064,9584,7341,2243
18066,2330,2046,284
18067,7430,5668,1762
18068,0,0,0
18069,2923,2543,380
18070,371,292,79
18071,3864,2923,941
18072,2502,1840,662
18073,3701,3199,502
18074,2193,2068,125
18076,1189,769,420
18077,948,772,176
18078,2953,2361,592
18079,215,215,0
18080,4529,3525,1004
18081,137,91,46
18083,168,117,51
18085,399,302,97
18086,230,173,57
18087,203,102,101
18088,3262,2799,463
18091,2304,1689,615
18092,1213,1084,129
18101,1563,156,1407
18102,16093,4983,11110
18103,17853,11142,6711
18104,16279,11662,4617
18105,0,0,0
18106,3039,2249,790
18109,6803,3192,3611
18195,0,0,0
18201,9869,5321,4548
18202,4793,2887,1906
18210,2768,2212,556
18211,549,462,87
18212,83,60,23
18214,794,746,48
18216,499,371,128
18218,1015,670,345
18219,632,454,178
18220,151,145,6
18221,145,82,63
18222,3570,3323,247
18223,93,93,0
18224,2523,1879,644
18225,91,91,0
18229,3567,2932,635
18230,43,37,6
18231,195,113,82
18232,1668,1064,604
18234,93,93,0
18235,7721,6135,1586
18237,1426,993,433
18239,210,129,81
18240,1571,1182,389
18241,342,192,150
18242,76,76,0
18244,119,91,28
18245,161,129,32
18246,99,43,56
18248,241,173,68
18249,1562,1381,181
18250,1200,879,321
18251,18,0,18
18252,4637,3009,1628
18254,388,299,89
18255,1758,1437,321
18256,157,102,55
18301,9669,6600,3069
18302,5900,5123,777
18321,629,485,144
18322,876,672,204
18323,72,72,0
18324,3471,2845,626
18325,686,591,95
18326,1541,1122,419
18327,245,137,108
18328,2665,2379,286
18330,2794,2440,354
18331,232,200,32
18332,838,647,191
18333,146,146,0
18334,1569,1297,272
18335,313,189,124
18336,1635,1126,509
18337,5430,4517,913
18340,76,76,0
18342,270,173,97
18343,1584,1289,295
18344,1407,850,557
18346,806,652,154
18347,1183,1041,142
18349,74,74,0
18350,664,576,88
18351,188,102,86
18352,291,291,0
18353,4095,3677,418
18354,334,282,52
18355,461,320,141
18356,38,38,0
18357,60,39,21
18360,9575,6509,3066
18370,417,312,105
18371,265,209,56
18372,1007,878,129
18403,3008,2340,668
18405,1022,880,142
18407,5783,3718,2065
18411,8796,7039,1757
18413,121,48,73
18414,2139,1853,286
18415,558,478,80
18417,433,375,58
18419,1741,1422,319
18420,26,21,5
18421,2019,1526,493
18424,2042,1842,200
18425,501,439,62
18426,1940,1610,330
18427,54,25,29
18428,4725,3809,916
18430,3,3,0
18431,4805,3418,1387
18433,2691,2188,503
18434,1619,1151,468
18435,384,368,16
18436,4804,4089,715
18437,82,66,16
18438,464,442,22
18439,202,160,42
18441,80,70,10
18443,176,133,43
18444,5234,4383,851
18445,986,804,182
18446,1344,1112,232
18447,4405,2919,1486
18451,338,291,47
18452,2263,1636,627
18453,404,360,44
18454,8,4,4
18455,34,27,7
18456,158,107,51
18457,72,62,10
18458,1127,937,190
18459,5,5,0
18460,95,90,5
18461,144,140,4
18462,146,129,17
18463,98,96,2
18464,513,464,49
18465,594,504,90
18466,5367,4144,1223
18469,81,62,19
18470,820,707,113
18471,261,242,19
18472,1557,1180,377
18473,231,185,46
18503,532,80,452
18504,8785,4942,3843
18505,8587,4597,3990
18507,2077,1618,459
18508,5328,2782,2546
18509,4837,2447,2390
18510,4526,1785,2741
18512,5320,3730,1590
18517,2194,1271,923
18518,3702,2258,1444
18519,2030,1154,876
18602,101,88,13
18603,8209,5821,2388
18610,1679,1551,128
18612,6265,4869,1396
18614,1086,833,253
18615,740,601,139
18616,253,188,65
18617,769,487,282
18618,1616,1267,349
18619,132,111,21
18621,2072,1829,243
18622,73,54,19
18623,1062,797,265
18624,181,172,9
18625,164,115,49
18626,193,184,9
18628,97,83,14
18629,653,546,107
18630,1195,883,312
18631,540,380,160
18632,233,172,61
18634,5689,3552,2137
18635,1525,1157,368
18636,495,399,96
18640,7444,4881,2563
18641,2760,2072,688
18642,1874,1411,463
18643,5203,3605,1598
18644,3207,2452,755
18651,3701,2251,1450
18653,76,76,0
18655,2411,1992,419
18656,849,734,115
18657,4862,3777,1085
18660,1430,1255,175
18661,2107,1809,298
18701,955,76,879
18702,15445,8605,6840
18704,13520,8241,5279
18705,6383,4264,2119
18706,6928,4769,2159
18707,5914,5449,465
18708,3362,2910,452
18709,1484,841,643
18801,3457,2529,928
18810,2370,1846,524
18812,682,613,69
18814,64,56,8
18816,62,54,8
18817,91,70,21
18818,576,467,109
18821,559,318,241
18822,1462,1029,433
18823,107,67,40
18824,627,498,129
18825,38,35,3
18826,637,533,104
18828,117,79,38
18829,300,248,52
18830,264,206,58
18831,531,418,113
18832,751,577,174
18833,835,683,152
18834,1416,1113,303
18837,1201,991,210
18840,4817,3320,1497
18842,116,110,6
18843,126,102,24
18844,759,608,151
18845,120,105,15
18846,353,330,23
18847,2282,1741,541
18848,3597,2529,1068
18850,939,728,211
18851,286,238,48
18853,1675,1399,276
18854,600,461,139
18901,10440,7345,3095
18902,7663,6903,760
18912,70,70,0
18913,40,40,0
18914,7650,6685,965
18915,251,195,56
18917,887,440,447
18920,178,165,13
18923,303,283,20
18925,2320,2120,200
18929,3245,3078,167
18930,1158,986,172
18932,160,147,13
18935,18,18,0
18936,0,0,0
18938,6122,5038,1084
18940,11186,9359,1827
18942,1383,1123,260
18944,9348,7383,1965
18947,2255,2074,181
18950,59,59,0
18951,13580,10787,2793
18954,3112,3048,64
18955,616,409,207
18960,4801,3703,1098
18962,134,98,36
18964,5349,4052,1297
18966,14320,12171,2149
18969,5865,4246,1619
18970,302,228,74
18972,1562,1351,211
18974,16518,12023,4495
18976,7325,6038,1287
18977,1653,1524,129
18980,241,202,39
19001,6223,5180,1043
19002,12097,9096,3001
19003,5607,3497,2110
19004,3886,3068,818
19006,8035,6242,1793
19007,8019,4301,3718
19008,7252,6352,900
19009,228,127,101
19010,7347,4665,2682
19012,2319,2026,293
19013,12300,4279,8021
19014,7868,6821,1047
19015,6511,4913,1598
19017,75,64,11
19018,9787,6029,3758
19020,21738,12150,9588
19021,3713,2618,1095
19022,1327,546,781
19023,7304,3970,3334
19025,2079,1713,366
19026,11930,7736,4194
19027,8533,4959,3574
19029,1445,907,538
19030,4571,3362,1209
19031,1715,1310,405
19032,2393,1658,735
19033,3149,2402,747
19034,1968,1576,392
19035,1501,1305,196
19036,5318,3777,1541
19038,11131,9402,1729
19040,7734,5549,2185
19041,2592,1659,933
19043,992,702,290
19044,6675,4055,2620
19046,7131,4928,2203
19047,12932,9541,3391
19050,10991,6597,4394
19053,9776,7876,1900
19054,6085,4532,1553
19055,4809,4071,738
19056,5543,3930,1613
19057,6193,4462,1731
19060,3827,3649,178
19061,7702,4850,2852
19063,14799,10582,4217
19064,8559,7838,721
19066,1695,1587,108
19067,19690,15796,3894
19070,2849,2091,758
19072,4098,3144,954
19073,7885,6196,1689
19074,2055,1554,501
19075,2789,2399,390
19076,2683,1742,941
19078,4368,3167,1201
19079,3516,2393,1123
19081,3309,2772,537
19082,14135,6696,7439
19083,12902,11341,1561
19085,1868,1724,144
19086,4189,3729,460
19087,12033,9257,2776
19090,7055,5153,1902
19094,1521,981,540
19095,2961,1478,1483
19096,5438,4114,1324
19102,2978,890,2088
19103,15097,4915,10182
19104,16368,3571,12797
19106,6519,3125,3394
19107,7371,1582,5789
19109,0,0,0
19111,23930,13795,10135
19112,0,0,0
19113,54,31,23
19114,12988,8059,4929
19115,13767,7841,5926
19116,12664,7537,5127
19118,4435,2023,2412
19119,11930,7651,4279
19120,23206,13862,9344
19121,11980,3826,8154
19122,6505,2774,3731
19123,7519,2405,5114
19124,22667,12226,10441
19125,10109,6330,3779
19126,5783,3365,2418
19127,2529,1117,1412
19128,16068,9441,6627
19129,4387,2200,2187
19130,13278,5607,7671
19131,17446,8299,9147
19132,13756,6759,6997
19133,8907,3782,5125
19134,19830,10372,9458
19135,11945,7608,4337
19136,12610,7512,5098
19137,3045,2357,688
19138,11334,8242,3092
19139,16643,6789,9854
19140,18459,8634,9825
19141,12666,6528,6138
19142,9678,5077,4601
19143,25508,12258,13250
19144,17544,6963,10581
19145,18329,11092,7237
19146,16967,9164,7803
19147,17079,9310,7769
19148,19610,12905,6705
19149,18950,11569,7381
19150,9551,6978,2573
19151,11899,7839,4060
19152,13142,8319,4823
19153,5437,3011,2426
19154,12426,9649,2777
19301,2632,1962,670
19310,1012,713,299
19311,2781,2215,566
19312,4366,3759,607
19316,102,73,29
19317,3608,2945,663
19319,87,87,0
19320,20232,14545,5687
19330,1920,1653,267
19333,2778,1777,1001
19335,18026,14565,3461
19341,6859,4182,2677
19342,7284,5169,2115
19343,2678,2270,408
19344,4226,3199,1027
19345,0,0,0
19348,8525,6045,2480
19350,4127,3748,379
19352,2828,2534,294
19355,9805,7411,2394
19358,260,69,191
19362,2082,1712,370
19363,5619,4125,1494
19365,2595,1896,699
19367,0,0,0
19372,608,375,233
19373,947,840,107
19374,368,186,182
19375,8,0,8
19380,20464,14611,5853
19382,20120,14271,5849
19383,0,0,0
19390,4867,3703,1164
19401,16216,7174,9042
19403,18071,13080,4991
19405,2293,1250,1043
19406,10311,6249,4062
19422,7154,5573,1581
19425,5178,4815,363
19426,12366,10950,1416
19428,7834,4376,3458
19435,33,33,0
19436,373,97,276
19437,366,366,0
19438,9520,7223,2297
19440,7389,5272,2117
19442,0,0,0
19444,4370,3232,1138
19446,22069,14123,7946
19453,749,595,154
19454,11421,8814,2607
19456,283,229,54
19457,22,22,0
19460,16309,11977,4332
19462,5971,4508,1463
19464,18186,11875,6311
19465,6692,5237,1455
19468,10059,7259,2800
19472,6,0,6
19473,5810,5052,758
19474,367,332,35
19475,4240,3117,1123
19477,0,0,0
19492,248,21,227
19501,448,247,201
19503,555,380,175
19504,1987,1739,248
19505,1427,1129,298
19506,2766,2423,343
19507,1090,946,144
19508,6006,5162,844
19510,3261,2765,496
19511,33,33,0
19512,7131,5303,1828
19518,5642,4748,894
19519,0,0,0
19520,2337,1941,396
19522,5420,4819,601
19523,146,146,0
19525,5644,5070,574
19526,4617,3483,1134
19529,1320,1127,193
19530,4816,3027,1789
19533,2370,1920,450
19534,729,576,153
19535,5,5,0
19536,249,165,84
19538,15,15,0
19539,1875,1529,346
19540,4409,3723,686
19541,1726,1481,245
19542,0,0,0
19543,2203,1797,406
19544,54,49,5
19545,286,164,122
19547,1739,1431,308
19549,121,77,44
19550,124,85,39
19551,1872,1529,343
19554,173,121,52
19555,1388,1074,314
19559,142,88,54
19560,3293,2661,632
19562,1147,580,567
19564,70,24,46
19565,3436,2665,771
19567,2000,1517,483
19601,11283,3965,7318
19602,6271,2104,4167
19604,8196,3886,4310
19605,7406,6344,1062
19606,13396,10625,2771
19607,9661,6146,3515
19608,8120,6588,1532
19609,4031,3382,649
19610,6236,4471,1765
19611,3852,1920,1932
19701,14089,10970,3119
19702,19444,11976,7468
19703,5852,3100,2752
19706,689,483,206
19707,5955,5183,772
19709,13369,11722,1647
19710,0,0,0
19711,19401,12362,7039
19713,11829,7402,4427
19716,0,0,0
19717,0,0,0
19720,21551,14830,6721
19730,297,269,28
19731,67,60,7
19732,28,28,0
19733,89,89,0
19734,4091,3814,277
19735,17,0,17
19736,26,0,26
19801,6124,1570,4554
19802,10465,5297,5168
19803,8520,7296,1224
19804,6947,4832,2115
19805,14841,7956,6885
19806,5156,2681,2475
19807,2981,2210,771
19808,15374,11911,3463
19809,6031,3834,2197
19810,9819,8056,1763
19901,13988,7594,6394
19902,0,0,0
19904,12938,8593,4345
19930,1288,1256,32
19931,114,97,17
19933,3744,2924,820
19934,5218,4188,1030
19936,122,53,69
19938,3102,2571,531
19939,2703,2479,224
19940,2077,1593,484
19941,957,645,312
19943,4676,3852,824
19944,332,304,28
19945,2583,2044,539
19946,1974,1411,563
19947,6695,4523,2172
19950,2533,2060,473
19951,791,702,89
19952,3952,2751,1201
19953,1692,1449,243
19954,548,461,87
19955,11,9,2
19956,5675,4094,1581
19958,11569,9779,1790
19960,2528,2100,428
19962,4042,3230,812
19963,8178,5498,2680
19964,369,295,74
19966,11784,9538,2246
19967,607,498,109
19968,4782,3924,858
19970,3809,3108,701
19971,6761,5752,1009
19973,9527,7041,2486
19975,4176,3243,933
19977,8575,6465,2110
19979,293,253,40
20001,19292,6858,12434
20002,27479,10818,16661
20003,12829,5970,6859
20004,1295,515,780
20005,8137,1831,6306
20006,563,37,526
20007,11888,6411,5477
20008,15767,6192,9575
20009,27380,10149,17231
20010,12621,4537,8084
20011,24166,12797,11369
20012,6078,3706,2372
20015,6473,4437,2036
20016,13477,9369,4108
20017,7724,4464,3260
20018,7938,4683,3255
20019,23813,8155,15658
20020,21143,6617,14526
20024,7811,3038,4773
20032,14766,3110,11656
20036,4058,1448,2610
20037,6320,2413,3907
20045,0,0,0
20052,0,0,0
20053,0,0,0
20057,0,0,0
20064,0,0,0
20105,6521,5796,725
20106,2028,1809,219
20109,13206,5718,7488
20110,14400,9761,4639
20111,10210,7086,3124
20112,8072,7642,430
20115,2385,1640,745
20117,1136,724,412
20118,2,0,2
20119,1513,1184,329
20120,13574,10027,3547
20121,9759,6075,3684
20124,5061,4638,423
20129,242,218,24
20130,123,103,20
20132,5702,4944,758
20135,1320,1086,234
20136,8597,7755,842
20137,497,463,34
20139,96,48,48
20141,2181,2017,164
20143,341,293,48
20144,376,312,64
20147,22097,15618,6479
20148,14880,11928,2952
20151,6839,5662,1177
20152,10571,9225,1346
20155,11144,9462,1682
20158,1444,1335,109
20164,12431,9070,3361
20165,11285,9111,2174
20166,3942,2265,1677
20169,7655,6975,680
20170,13387,8998,4389
20171,17014,10294,6720
20175,11581,9082,2499
20176,17258,12724,4534
20180,2474,2161,313
20181,2756,2525,231
20184,310,182,128
20186,5648,3917,1731
20187,5820,5164,656
20190,8658,4130,4528
20191,11581,8012,3569
20194,5412,3787,1625
20197,680,654,26
20198,967,739,228
20202,0,0,0
20204,0,0,0
20228,0,0,0
20230,0,0,0
20240,0,0,0
20245,0,0,0
20260,0,0,0
20307,0,0,0
20317,304,16,288
20319,0,0,0
20373,0,0,0
20390,0,0,0
20405,0,0,0
20418,0,0,0
20427,0,0,0
20506,0,0,0
20510,0,0,0
20520,0,0,0
20535,0,0,0
20540,0,0,0
20551,0,0,0
20553,0,0,0
20560,0,0,0
20565,0,0,0
20566,0,0,0
20593,0,0,0
20601,8980,6923,2057
20602,10073,6219,3854
20603,10944,8219,2725
20606,181,163,18
20607,3847,3503,344
20608,284,233,51
20609,436,327,109
20611,484,382,102
20612,187,187,0
20613,4643,4186,457
20615,150,150,0
20616,2265,1861,404
20617,268,268,0
20618,215,142,73
20619,5213,3101,2112
20620,546,456,90
20621,403,333,70
20622,1621,1405,216
20623,850,840,10
20624,506,397,109
20625,253,243,10
20626,182,158,24
20628,116,98,18
20629,126,76,50
20630,114,94,20
20632,117,87,30
20634,2686,1719,967
20636,3949,3382,567
20637,1885,1661,224
20639,4706,4362,344
20640,3634,2765,869
20645,350,304,46
20646,7281,5937,1344
20650,5208,3964,1244
20653,9441,5092,4349
20657,6911,5804,1107
20658,328,238,90
20659,7926,6924,1002
20660,26,0,26
20662,1139,1042,97
20664,1277,895,382
20667,236,184,52
20670,363,0,363
20674,335,231,104
20675,818,760,58
20676,1353,1101,252
20677,832,748,84
20678,4353,3329,1024
20680,262,154,108
20684,548,418,130
20685,2283,2003,280
20686,17,17,0
20687,210,170,40
20688,843,442,401
20689,674,668,6
20690,312,234,78
20692,447,391,56
20693,346,286,60
20695,2855,2327,528
20701,0,0,0
20705,8935,5560,3375
20706,12830,8180,4650
20707,12109,7148,4961
20708,9684,3510,6174
20710,3630,895,2735
20711,2436,2195,241
20712,3845,892,2953
20714,2032,1329,703
20715,8884,8015,869
20716,8602,6146,2456
20720,7676,6992,684
20721,9612,8560,1052
20722,1763,1233,530
20723,11604,8079,3525
20724,6613,4532,2081
20732,3482,2638,844
20733,1010,918,92
20735,12366,11014,1352
20736,3106,2889,217
20737,5954,2932,3022
20740,9517,4332,5185
20742,0,0,0
20743,14284,9433,4851
20744,18662,14583,4079
20745,10576,4400,6176
20746,11211,4337,6874
20747,15228,7857,7371
20748,14596,7886,6710
20751,856,753,103
20754,2460,2209,251
20755,2715,41,2674
20758,188,166,22
20759,1625,1467,158
20762,795,0,795
20763,817,366,451
20764,1558,1335,223
20765,185,99,86
20769,2120,1989,131
20770,9681,4517,5164
20772,16073,13345,2728
20774,17846,14182,3664
20776,1180,1026,154
20777,1160,1160,0
20778,735,648,87
20779,414,395,19
20781,3770,2103,1667
20782,10996,4771,6225
20783,12148,5274,6874
20784,9583,5756,3827
20785,13999,6687,7312
20794,3716,2851,865
20812,99,91,8
20814,13060,7019,6041
20815,12960,8107,4853
20816,6090,5022,1068
20817,13281,11209,2072
20818,829,751,78
20832,8723,7694,1029
20833,2473,2329,144
20837,1966,1610,356
20838,94,87,7
20839,24,24,0
20841,2804,2604,200
20842,690,585,105
20850,19753,11250,8503
20851,4933,2850,2083
20852,20577,9292,11285
20853,9802,8322,1480
20854,16594,15255,1339
20855,5042,4265,777
20860,867,623,244
20861,568,568,0
20862,117,117,0
20866,4945,3610,1335
20868,239,223,16
20871,6199,5317,882
20872,4255,3632,623
20874,21816,13846,7970
20876,9068,6112,2956
20877,12950,5495,7455
20878,22635,15902,6733
20879,8331,5572,2759
20880,205,185,20
20882,4371,4105,266
20886,11792,8041,3751
20895,7027,5715,1312
20896,327,306,21
20899,183,11,172
20901,12214,8548,3666
20902,16605,10565,6040
20903,7409,2877,4532
20904,20543,11176,9367
20905,5808,5230,578
20906,25137,16459,8678
20910,20180,6499,13681
20912,9382,3918,5464
21001,9614,6055,3559
21005,760,0,760
21009,11485,9226,2259
21010,129,0,129
21012,7724,6703,1021
21013,1682,1648,34
21014,14012,10842,3170
21015,10245,8878,1367
21017,2678,1802,876
21028,1143,1019,124
21029,3309,3066,243
21030,10129,4593,5536
21031,0,0,0
21032,3121,2671,450
21034,1325,1145,180
21035,2709,2581,128
21036,708,648,60
21037,8103,6868,1235
21040,8420,6260,2160
21042,13917,12199,1718
21043,16876,11461,5415
21044,17952,10677,7275
21045,15008,10709,4299
21046,6224,4009,2215
21047,4288,3974,314
21048,3621,3366,255
21050,6568,5820,748
21051,119,119,0
21052,87,80,7
21053,1085,975,110
21054,4227,3525,702
21056,83,83,0
21057,1651,1413,238
21060,13085,9548,3537
21061,20966,11633,9333
21071,213,194,19
21074,5513,4636,877
21075,11695,7851,3844
21076,6961,4749,2212
21077,147,147,0
21078,7499,5238,2261
21082,233,206,27
21084,2574,2346,228
21085,6238,4983,1255
21087,1913,1835,78
21090,3742,3177,565
21093,15333,12312,3021
21102,3976,3458,518
21104,1794,1713,81
21105,0,0,0
21108,6484,5238,1246
21111,1734,1586,148
21113,13411,8918,4493
21114,9763,7591,2172
21117,22819,12172,10647
21120,2534,2260,274
21122,21639,18538,3101
21128,5083,4229,854
21130,115,22,93
21131,2605,2404,201
21132,949,890,59
21133,11334,7734,3600
21136,12877,9304,3573
21140,1268,1178,90
21144,11691,9096,2595
21146,9609,8788,821
21152,2212,1675,537
21153,127,95,32
21154,2019,1819,200
21155,982,769,213
21156,143,137,6
21157,13854,10001,3853
21158,7496,6064,1432
21160,1008,799,209
21161,1891,1747,144
21162,1372,1297,75
21163,2521,2229,292
21201,9269,1106,8163
21202,8611,1845,6766
21204,7689,3824,3865
21205,5217,1826,3391
21206,19309,11203,8106
21207,18423,11348,7075
21208,15132,10222,4910
21209,11525,7003,4522
21210,5175,3181,1994
21211,7561,4084,3477
21212,12477,8540,3937
21213,11238,5807,5431
21214,7771,5852,1919
21215,22032,10860,11172
21216,10831,5303,5528
21217,13652,4450,9202
21218,18443,8810,9633
21219,3486,2721,765
21220,15128,9517,5611
21221,16155,9111,7044
21222,20581,13161,7420
21223,8401,2836,5565
21224,19380,11288,8092
21225,11996,5933,6063
21226,2312,1834,478
21227,12097,7663,4434
21228,18433,13698,4735
21229,17934,9504,8430
21230,14928,7810,7118
21231,7471,2945,4526
21234,28647,17500,11147
21236,15153,10281,4872
21237,11244,7184,4060
21239,11843,6305,5538
21240,0,0,0
21244,13196,6499,6697
21250,0,0,0
21251,0,0,0
21252,0,0,0
21286,8054,5019,3035
21401,16066,9922,6144
21402,267,22,245
21403,12988,8088,4900
21405,183,183,0
21409,7571,6683,888
21502,16146,10716,5430
21520,885,706,179
21521,572,417,155
21522,62,46,16
21523,95,86,9
21524,291,226,65
21529,191,166,25
21530,816,723,93
21531,830,653,177
21532,5522,3509,2013
21536,1542,1207,335
21538,189,149,40
21539,1059,768,291
21540,44,29,15
21541,652,464,188
21542,267,154,113
21543,76,67,9
21545,787,673,114
21550,5867,4502,1365
21555,636,522,114
21557,692,604,88
21561,1121,941,180
21562,1315,982,333
21601,10447,6700,3747
21607,222,163,59
21610,158,122,36
21612,178,178,0
21613,7350,4060,3290
21617,3628,3058,570
21619,2586,1856,730
21620,5052,3296,1756
21622,391,286,105
21623,609,487,122
21624,79,59,20
21625,1015,852,163
21626,57,48,9
21627,11,11,0
21628,224,159,65
21629,3605,2754,851
21631,1020,863,157
21632,2295,1436,859
21634,114,114,0
21635,812,670,142
21636,444,355,89
21638,1946,1547,399
21639,1611,1042,569
21640,537,491,46
21641,40,21,19
21643,2263,1780,483
21644,25,25,0
21645,476,429,47
21647,108,75,33
21648,114,96,18
21649,567,439,128
21650,108,88,20
21651,1120,839,281
21652,77,57,20
21653,47,47,0
21654,546,383,163
21655,1934,1556,378
21657,301,286,15
21658,1433,1243,190
21659,515,461,54
21660,1462,1021,441
21661,1123,774,349
21662,231,204,27
21663,1635,1314,321
21664,184,138,46
21665,113,113,0
21666,4598,3893,705
21667,120,110,10
21668,668,527,141
21669,94,84,10
21671,380,316,64
21672,83,76,7
21673,1431,1006,425
21675,55,55,0
21676,204,159,45
21677,150,139,11
21678,726,640,86
21679,136,125,11
21701,15664,10346,5318
21702,15705,9892,5813
21703,13237,8531,4706
21704,5236,4330,906
21705,0,0,0
21710,1921,1430,491
21711,389,308,81
21713,3797,3064,733
21714,55,24,31
21716,1953,1416,537
21717,25,11,14
21718,63,46,17
21719,431,347,84
21722,2021,1522,499
21723,321,305,16
21727,1810,1326,484
21733,364,364,0
21734,360,186,174
21737,669,669,0
21738,1117,1067,50
21740,22847,12456,10391
21742,13235,8678,4557
21746,0,0,0
21750,1494,1070,424
21754,2273,2077,196
21755,2020,1884,136
21756,1328,1220,108
21757,1192,905,287
21758,1917,1612,305
21762,65,54,11
21766,253,211,42
21767,432,236,196
21769,3979,3511,468
21770,1858,1761,97
21771,9917,9119,798
21773,1978,1851,127
21774,4509,4161,348
21776,1978,1469,509
21777,635,588,47
21778,406,322,84
21779,358,358,0
21780,534,428,106
21781,14,14,0
21782,1538,1368,170
21783,3256,2778,478
21784,13607,11913,1694
21787,3856,3139,717
21788,4680,3536,1144
21790,42,35,7
21791,2037,1580,457
21793,3633,2939,694
21794,828,820,8
21795,3791,2365,1426
21797,2866,2569,297
21798,750,609,141
21801,10787,6026,4761
21802,0,0,0
21804,15055,7549,7506
21810,261,261,0
21811,9979,7924,2055
21813,955,904,51
21814,181,100,81
21817,2009,1247,762
21821,436,406,30
21822,776,580,196
21824,51,47,4
21826,1898,1205,693
21829,189,153,36
21830,1310,1093,217
21835,142,119,23
21837,1149,900,249
21838,746,645,101
21840,135,96,39
21841,442,315,127
21842,5189,3807,1382
21849,1323,1076,247
21850,1102,876,226
21851,2785,1714,1071
21853,3716,1963,1753
21856,322,244,78
21861,304,234,70
21862,12,12,0
21863,1748,1286,462
21864,244,191,53
21865,175,142,33
21866,27,27,0
21867,10,10,0
21869,430,357,73
21871,753,628,125
21872,224,138,86
21874,790,591,199
21875,2609,1707,902
21890,0,0,0
21901,6452,4732,1720
21902,0,0,0
21903,2292,1426,866
21904,2339,2005,334
21911,3875,2937,938
21912,397,279,118
21913,363,202,161
21914,304,174,130
21915,1130,789,341
21916,0,0,0
21917,860,740,120
21918,1348,1231,117
21919,1115,1023,92
21920,136,115,21
21921,16236,11205,5031
21930,83,16,67
22003,18984,12765,6219
22015,14664,12130,2534
22025,6226,5198,1028
22026,4723,2950,1773
22027,609,538,71
22030,19357,11753,7604
22031,12760,6332,6428
22032,9851,8381,1470
22033,15096,9555,5541
22035,0,0,0
22039,5858,5587,271
22041,10798,4632,6166
22042,12420,7451,4969
22043,9012,5279,3733
22044,5320,2661,2659
22046,6586,4713,1873
22060,2702,343,2359
22066,5796,5572,224
22079,11375,8157,3218
22101,10477,8794,1683
22102,10589,5318,5271
22124,6662,5660,1002
22125,396,275,121
22134,1294,54,1240
22150,9062,5419,3643
22151,5498,4605,893
22152,10362,8409,1953
22153,10183,8924,1259
22172,3380,1646,1734
22180,8340,6310,2030
22181,5206,4420,786
22182,9069,7178,1891
22185,0,0,0
22191,22366,13923,8443
22192,19808,14651,5157
22193,23469,18379,5090
22201,19063,6293,12770
22202,13719,3291,10428
22203,11932,4075,7857
22204,22396,8715,13681
22205,6711,5398,1313
22206,10288,4682,5606
22207,11865,9605,2260
22209,7548,2595,4953
22211,58,0,58
22213,1371,988,383
22214,0,0,0
22301,5827,3736,2091
22302,8067,4311,3756
22303,6902,3026,3876
22304,21304,8662,12642
22305,6825,2617,4208
22306,11813,5619,6194
22307,4504,3513,991
22308,4458,4040,418
22309,11526,7358,4168
22310,11437,8762,2675
22311,7907,1383,6524
22312,11507,5821,5686
22314,17629,8473,9156
22315,10686,7957,2729
22401,10582,3829,6753
22405,10388,8131,2257
22406,8990,6625,2365
22407,19616,14654,4962
22408,9997,7402,2595
22427,1245,810,435
22432,83,83,0
22433,116,94,22
22435,981,818,163
22436,233,164,69
22437,380,281,99
22438,152,114,38
22443,3669,2719,950
22448,177,0,177
22454,605,468,137
22460,679,557,122
22469,661,504,157
22473,2463,1993,470
22476,159,144,15
22480,362,218,144
22482,1495,1053,442
22485,8938,7026,1912
22488,422,368,54
22503,1758,1435,323
22504,145,133,12
22508,5420,5051,369
22509,13,13,0
22511,529,478,51
22514,945,753,192
22520,2614,1966,648
22529,102,68,34
22530,25,17,8
22534,974,812,162
22535,203,158,45
22538,42,42,0
22539,1108,1055,53
22542,752,665,87
22546,6157,5270,887
22548,100,66,34
22551,6417,5655,762
22553,4786,3732,1054
22554,17584,13173,4411
22556,9366,7360,2006
22560,2714,1752,962
22567,1165,978,187
22572,2410,1589,821
22576,890,720,170
22578,1183,921,262
22579,33,33,0
22580,2053,1575,478
22601,11032,5282,5750
22602,10699,8193,2506
22603,5683,4279,1404
22610,737,666,71
22611,3323,2360,963
22620,973,742,231
22623,293,250,43
22624,1055,838,217
22625,1302,1127,175
22627,320,224,96
22630,11724,8652,3072
22637,898,782,116
22639,229,144,85
22640,229,165,64
22641,167,167,0
22642,1765,1632,133
22643,103,103,0
22644,920,725,195
22645,1605,1272,333
22646,89,89,0
22650,313,250,63
22652,589,517,72
22654,462,430,32
22655,7506,5649,1857
22656,1183,1074,109
22657,4253,2969,1284
22660,788,540,248
22663,637,507,130
22664,3591,2239,1352
22701,12072,8271,3801
22709,445,307,138
22711,11,11,0
22712,2953,2291,662
22713,526,420,106
22714,296,271,25
22715,445,315,130
22716,317,260,57
22718,243,212,31
22719,108,85,23
22720,257,245,12
22722,99,99,0
22723,65,65,0
22724,763,675,88
22726,286,209,77
22727,2340,1591,749
22728,1158,932,226
22729,70,70,0
22730,60,33,27
22731,7,7,0
22732,47,47,0
22733,358,294,64
22734,1057,711,346
22735,868,790,78
22736,247,247,0
22737,1003,752,251
22738,518,400,118
22740,507,317,190
22741,44,33,11
22742,625,562,63
22743,117,108,9
22747,437,329,108
22749,95,63,32
22801,13233,6398,6835
22802,11224,5546,5678
22807,0,0,0
22810,309,263,46
22811,244,216,28
22812,3415,2289,1126
22815,3659,2588,1071
22820,107,98,9
22821,1923,1594,329
22824,2519,1938,581
22827,4196,3141,1055
22830,697,538,159
22831,350,298,52
22832,456,362,94
22834,402,387,15
22835,4513,3122,1391
22840,1727,1318,409
22841,1168,885,283
22842,2023,1425,598
22843,936,795,141
22844,2045,1278,767
22845,9,9,0
22846,899,732,167
22847,386,341,45
22849,2050,1581,469
22850,349,290,59
22851,2358,1507,851
22853,1689,1047,642
22901,14905,7924,6981
22902,10358,5127,5231
22903,14645,6299,8346
22904,59,0,59
22911,7248,4456,2792
22920,1578,1248,330
22922,788,667,121
22923,2176,1558,618
22931,154,97,57
22932,3244,2459,785
22935,350,284,66
22936,1920,1774,146
22937,754,668,86
22938,556,382,174
22939,2184,1500,684
22940,496,421,75
22942,3530,2745,785
22943,113,81,32
22946,71,71,0
22947,1632,1325,307
22948,68,68,0
22949,592,330,262
22952,822,613,209
22958,1150,991,159
22959,642,546,96
22960,3780,2201,1579
22963,6394,5551,843
22964,113,80,33
22967,769,547,222
22968,3925,3303,622
22969,508,339,169
22971,688,494,194
22972,148,106,42
22973,2336,1810,526
22974,1577,1351,226
22976,241,137,104
22980,13277,8899,4378
22989,15,0,15
23002,3875,3235,640
23004,395,329,66
23005,6228,4252,1976
23009,2293,2093,200
23011,353,324,29
23015,1474,1280,194
23021,100,100,0
23022,512,360,152
23023,186,155,31
23024,3241,2834,407
23025,121,90,31
23027,511,367,144
23030,1943,1553,390
23032,117,71,46
23035,497,431,66
23038,686,498,188
23039,423,403,20
23040,1702,1333,369
23043,839,633,206
23045,73,73,0
23047,722,587,135
23050,356,356,0
23055,315,192,123
23056,175,175,0
23059,12489,9363,3126
23060,13814,10475,3339
23061,8319,6688,1631
23062,1167,684,483
23063,1597,1299,298
23064,111,74,37
23065,723,634,89
23066,82,82,0
23068,103,103,0
23069,1068,938,130
23070,188,170,18
23071,713,648,65
23072,4648,3516,1132
23075,3775,1962,1813
23076,308,249,59
23079,107,85,22
23083,799,650,149
23084,554,463,91
23085,251,235,16
23086,1306,1171,135
23089,2046,1737,309
23091,55,45,10
23092,284,245,39
23093,5055,3783,1272
23102,1139,1002,137
23103,2146,1936,210
23106,436,375,61
23108,78,78,0
23109,1027,815,212
23110,259,172,87
23111,14317,11400,2917
23112,19554,15210,4344
23113,9488,7784,1704
23114,6967,5551,1416
23115,55,55,0
23116,10510,9197,1313
23117,3874,3150,724
23119,185,185,0
23120,3032,2901,131
23123,789,595,194
23124,1677,1458,219
23125,134,134,0
23126,100,83,17
23128,372,257,115
23129,238,211,27
23130,130,110,20
23138,257,237,20
23139,9304,8242,1062
23140,2386,2125,261
23141,2517,2147,370
23146,1208,1027,181
23148,787,678,109
23149,1117,749,368
23150,5115,3701,1414
23153,499,402,97
23156,670,581,89
23160,0,0,0
23161,76,67,9
23163,42,31,11
23168,2701,2265,436
23169,456,397,59
23173,0,0,0
23175,873,616,257
23176,171,171,0
23177,210,149,61
23180,222,192,30
23181,2134,1599,535
23185,17433,12199,5234
23187,0,0,0
23188,17211,12158,5053
23192,2563,2326,237
23219,2698,241,2457
23220,13128,4260,8868
23221,7382,3797,3585
23222,9703,4974,4729
23223,21211,8963,12248
23224,14055,4910,9145
23225,17988,7886,10102
23226,6979,5313,1666
23227,11721,6300,5421
23228,14866,7285,7581
23229,12904,8925,3979
23230,3103,1504,1599
23231,13728,9343,4385
23233,12231,7917,4314
23234,15824,8794,7030
23235,13047,9301,3746
23236,9792,8508,1284
23237,8237,5529,2708
23238,10818,6822,3996
23250,0,0,0
23294,7614,2666,4948
23301,495,292,203
23302,90,41,49
23303,441,341,100
23304,20,20,0
23306,369,250,119
23307,226,75,151
23308,761,565,196
23310,1913,1277,636
23313,69,15,54
23314,3268,2116,1152
23315,556,523,33
23316,176,99,77
23320,22738,14097,8641
23321,12683,9632,3051
23322,20524,17664,2860
23323,13302,10327,2975
23324,8695,4199,4496
23325,6316,4192,2124
23336,1523,1165,358
23337,298,167,131
23347,293,119,174
23350,1517,998,519
23354,85,85,0
23356,556,443,113
23357,337,228,109
23358,43,22,21
23359,411,278,133
23389,68,68,0
23395,190,190,0
23398,20,14,6
23401,106,89,17
23405,411,396,15
23407,232,126,106
23408,53,21,32
23409,63,45,18
23410,687,510,177
23413,372,256,116
23414,88,28,60
23415,548,330,218
23416,155,101,54
23417,1631,1242,389
23418,435,264,171
23420,1048,567,481
23421,1451,698,753
23422,85,32,53
23423,155,126,29
23426,40,28,12
23427,96,82,14
23430,6914,5349,1565
23432,615,566,49
23433,529,453,76
23434,18378,11521,6857
23435,10972,8123,2849
23436,396,374,22
23437,1676,1456,220
23438,632,508,124
23440,215,200,15
23441,59,32,27
23442,372,288,84
23451,19992,10047,9945
23452,22509,13840,8669
23453,12403,8567,3836
23454,22512,14701,7811
23455,19759,11756,8003
23456,17694,15541,2153
23457,1629,1331,298
23459,274,0,274
23460,0,0,0
23461,0,0,0
23462,25266,13716,11550
23464,27224,18959,8265
23480,190,163,27
23486,16,16,0
23487,2225,1688,537
23488,163,92,71
23502,7941,4255,3686
23503,13610,5553,8057
23504,7658,2514,5144
23505,11763,3891,7872
23507,3350,1332,2018
23508,6254,2919,3335
23509,5146,2975,2171
23510,3779,839,2940
23511,197,0,197
23513,11547,5666,5881
23517,2354,546,1808
23518,12002,6585,5417
23523,2554,954,1600
23551,0,0,0
23601,10519,5501,5018
23602,16192,8995,7197
23603,1295,589,706
23604,785,19,766
23605,5830,2531,3299
23606,11237,5152,6085
23607,8689,3239,5450
23608,16004,8397,7607
23651,206,0,206
23661,5378,3532,1846
23662,4590,3824,766
23663,5105,2877,2228
23664,4004,2650,1354
23665,1358,26,1332
23666,21788,11062,10726
23669,15699,9586,6113
23690,1309,817,492
23691,30,5,25
23692,7303,5883,1420
23693,8892,6355,2537
23696,1452,1197,255
23701,9091,6122,2969
23702,4205,1628,2577
23703,9741,6508,3233
23704,7491,2779,4712
23707,5938,2773,3165
23708,5,0,5
23709,0,0,0
23801,1352,31,1321
23803,15162,7680,7482
23805,7467,4404,3063
23806,0,0,0
23821,714,592,122
23824,2385,1482,903
23827,646,420,226
23828,107,85,22
23829,382,340,42
23830,432,393,39
23831,13652,9580,4072
23832,11913,10284,1629
23833,852,691,161
23834,9812,6615,3197
23836,4944,3581,1363
23837,1772,1263,509
23838,5803,5525,278
23839,298,242,56
23840,864,809,55
23841,1382,1153,229
23842,2395,1969,426
23843,286,195,91
23844,260,130,130
23845,226,162,64
23846,446,361,85
23847,5113,2998,2115
23850,467,441,26
23851,5507,3209,2298
23856,417,290,127
23857,249,147,102
23860,10898,5983,4915
23866,870,625,245
23867,967,662,305
23868,2065,1347,718
23872,1110,818,292
23874,389,291,98
23875,4184,2721,1463
23876,122,115,7
23878,419,316,103
23879,267,220,47
23881,893,611,282
23882,843,693,150
23883,822,712,110
23884,9,9,0
23885,973,794,179
23887,169,111,58
23888,1037,569,468
23889,271,238,33
23890,1617,1075,542
23891,0,0,0
23893,123,123,0
23894,148,92,56
23897,221,185,36
23898,828,764,64
23899,146,118,28
23901,5734,3533,2201
23909,0,0,0
23915,249,214,35
23917,1133,878,255
23919,1031,861,170
23920,1291,1006,285
23921,711,517,194
23922,1073,608,465
23923,1062,932,130
23924,2224,1608,616
23927,1721,1345,376
23930,2292,1510,782
23934,137,55,82
23936,2397,1781,616
23937,633,374,259
23938,186,162,24
23942,595,508,87
23943,30,30,0
23944,1331,915,416
23947,1455,914,541
23950,1265,824,441
23952,106,98,8
23954,655,514,141
23958,1230,896,334
23959,560,392,168
23960,559,442,117
23962,243,166,77
23963,78,78,0
23964,472,364,108
23966,842,568,274
23967,384,325,59
23968,242,201,41
23970,3104,1679,1425
23974,1643,1077,566
23976,53,14,39
24011,329,31,298
24012,12016,6817,5199
24013,3157,1477,1680
24014,7526,5101,2425
24015,6877,3845,3032
24016,4150,1131,3019
24017,9376,4846,4530
24018,16151,11114,5037
24019,11121,8637,2484
24020,36,0,36
24053,1269,1013,256
24054,2647,2189,458
24055,5370,3941,1429
24058,76,61,15
24059,379,326,53
24060,18185,7549,10636
24064,1887,1638,249
24065,2910,2356,554
24066,2181,1761,420
24067,936,733,203
24069,839,681,158
24070,635,546,89
24072,431,407,24
24073,12765,8453,4312
24076,481,317,164
24077,344,278,66
24078,3029,1709,1320
24079,757,543,214
24082,252,174,78
24083,1367,1034,333
24084,4405,3280,1125
24085,870,783,87
24086,107,79,28
24087,1532,1243,289
24088,1568,1275,293
24089,1034,839,195
24090,1834,1555,279
24091,3245,2581,664
24092,1178,911,267
24093,60,42,18
24095,1996,1695,301
24101,2612,2286,326
24102,704,624,80
24104,1384,1213,171
24105,140,120,20
24112,12939,8701,4238
24120,650,553,97
24121,4628,3998,630
24122,649,623,26
24124,1938,1476,462
24127,1767,1226,541
24128,891,789,102
24130,9,9,0
24131,26,0,26
24132,249,60,189
24133,980,822,158
24134,2049,1597,452
24136,1377,1124,253
24137,1280,1090,190
24138,737,621,116
24139,234,234,0
24141,8781,5420,3361
24142,0,0,0
24147,489,263,226
24148,3244,2560,684
24149,1343,1184,159
24150,364,289,75
24151,8207,5671,2536
24153,14628,10608,4020
24161,204,109,95
24162,887,524,363
24165,590,395,195
24167,121,87,34
24168,146,97,49
24171,3644,2705,939
24174,1155,1041,114
24175,3127,2789,338
24176,601,591,10
24179,7670,5425,2245
24184,1765,1651,114
24185,246,230,16
24201,7132,4172,2960
24202,4757,3947,810
24210,7301,4696,2605
24211,4080,3429,651
24216,1122,753,369
24217,146,108,38
24219,4184,2762,1422
24220,286,270,16
24221,229,211,18
24224,2533,1876,657
24225,677,566,111
24226,552,467,85
24228,2520,1985,535
24230,3337,2084,1253
24236,1276,880,396
24237,409,287,122
24239,77,77,0
24243,674,535,139
24244,2172,1623,549
24245,343,228,115
24246,270,131,139
24248,964,794,170
24250,593,519,74
24251,3344,2612,732
24256,1439,912,527
24258,721,577,144
24260,2118,1676,442
24263,2436,1536,900
24265,315,230,85
24266,3588,2574,1014
24269,111,79,32
24270,291,202,89
24271,1038,842,196
24272,284,180,104
24273,2740,1545,1195
24277,2296,1470,826
24279,1875,1399,476
24280,352,310,42
24281,1042,772,270
24282,305,223,82
24283,1003,744,259
24290,784,509,275
24292,202,182,20
24293,3667,2483,1184
24301,6105,4109,1996
24311,772,545,227
24312,777,552,225
24313,310,269,41
24314,667,521,146
24315,1216,954,262
24316,0,0,0
24317,1565,1351,214
24318,273,253,20
24319,2859,2124,735
24322,61,39,22
24323,354,267,87
24324,637,585,52
24325,377,254,123
24326,561,501,60
24328,846,757,89
24330,1234,925,309
24333,7183,5286,1897
24340,2185,1679,506
24343,3827,2812,1015
24347,743,523,220
24348,1705,1225,480
24350,565,468,97
24351,256,150,106
24352,464,389,75
24354,5985,3987,1998
24360,2287,1915,372
24361,2083,1750,333
24363,638,541,97
24366,275,253,22
24368,2164,1657,507
24370,2727,2075,652
24374,308,251,57
24375,685,496,189
24377,160,144,16
24378,526,481,45
24380,1115,970,145
24381,1654,1239,415
24382,5938,4252,1686
24401,15201,9583,5618
24411,36,36,0
24412,11,11,0
24413,85,80,5
24415,16,16,0
24416,3452,2516,936
24421,1699,1509,190
24422,2560,1758,802
24426,5961,4691,1270
24430,660,441,219
24431,1017,890,127
24432,128,83,45
24433,34,23,11
24435,853,720,133
24437,328,260,68
24439,464,376,88
24440,1171,886,285
24441,2604,2029,575
24442,46,35,11
24445,1310,941,369
24448,113,95,18
24450,5709,3898,1811
24457,126,93,33
24458,209,178,31
24459,237,237,0
24460,613,477,136
24464,67,46,21
24465,717,572,145
24467,844,787,57
24471,702,547,155
24472,839,520,319
24473,462,366,96
24474,181,162,19
24476,88,88,0
24477,4451,3263,1188
24479,661,575,86
24482,2002,1580,422
24483,266,210,56
24484,250,234,16
24485,132,132,0
24486,1342,929,413
24487,141,106,35
24501,10179,4795,5384
24502,16121,8690,7431
24503,7731,5582,2149
24504,3882,2076,1806
24517,2159,1461,698
24520,1034,876,158
24521,3853,3200,653
24522,3744,2810,934
24523,8137,5862,2275
24526,577,544,33
24527,1328,1095,233
24528,1297,868,429
24529,765,577,188
24530,543,407,136
24531,3349,2448,901
24534,570,443,127
24536,76,76,0
24538,2023,1791,232
24539,78,53,25
24540,13734,8135,5599
24541,12195,7074,5121
24549,1595,1144,451
24550,3187,2647,540
24551,9353,7633,1720
24553,632,479,153
24554,1593,1316,277
24555,882,622,260
24556,1176,995,181
24557,3510,2706,804
24558,2664,2023,641
24562,187,153,34
24563,2454,1766,688
24565,409,322,87
24566,521,439,82
24569,398,349,49
24570,6,0,6
24571,835,725,110
24572,6456,4721,1735
24574,1481,1256,225
24577,1939,1556,383
24578,396,318,78
24579,498,445,53
24580,222,163,59
24581,44,44,0
24586,2303,1715,588
24588,3780,2955,825
24589,1037,863,174
24590,2913,2033,880
24592,5337,3566,1771
24593,745,592,153
24594,653,448,205
24595,46,26,20
24597,427,360,67
24598,646,506,140
24599,349,298,51
24601,14,14,0
24602,299,270,29
24603,355,333,22
24604,132,94,38
24605,3695,2792,903
24606,66,58,8
24607,140,124,16
24609,2922,2279,643
24612,105,76,29
24613,292,243,49
24614,3061,2297,764
24620,1095,993,102
24622,425,316,109
24628,105,81,24
24630,2703,2166,537
24631,835,509,326
24634,215,183,32
24635,237,150,87
24637,1489,1243,246
24639,1265,967,298
24641,2448,1603,845
24646,319,263,56
24649,1142,874,268
24651,2126,1593,533
24656,1163,955,208
24657,133,96,37
24701,8279,5577,2702
24712,638,488,150
24714,134,128,6
24715,191,176,15
24716,185,185,0
24719,13,13,0
24724,40,32,8
24726,251,167,84
24729,87,46,41
24731,106,91,15
24733,287,228,59
24736,211,185,26
24737,50,11,39
24738,104,80,24
24740,12842,9158,3684
24747,1064,791,273
24801,1435,1071,364
24808,236,200,36
24811,251,209,42
24813,96,73,23
24815,280,206,74
24816,80,80,0
24817,325,268,57
24818,370,314,56
24822,303,239,64
24823,170,135,35
24826,48,48,0
24827,511,405,106
24828,337,259,78
24830,76,50,26
24831,67,60,7
24834,162,141,21
24836,215,189,26
24839,729,636,93
24843,33,20,13
24844,635,510,125
24845,101,73,28
24846,23,23,0
24847,102,102,0
24848,68,54,14
24849,86,86,0
24850,265,180,85
24851,225,213,12
24853,168,131,37
24854,85,35,50
24857,375,274,101
24860,131,131,0
24861,60,18,42
24862,287,259,28
24866,89,83,6
24867,177,138,39
24868,523,382,141
24869,217,149,68
24870,1181,960,221
24871,84,63,21
24872,269,269,0
24873,247,162,85
24874,1235,1003,232
24878,228,155,73
24879,280,280,0
24880,84,45,39
24881,169,127,42
24882,101,101,0
24884,110,100,10
24887,10,10,0
24888,39,39,0
24892,575,455,120
24894,138,132,6
24898,31,31,0
24901,4464,2859,1605
24910,1935,1434,501
24915,271,257,14
24916,284,258,26
24918,799,603,196
24920,108,88,20
24924,205,173,32
24925,315,200,115
24927,103,94,9
24931,528,437,91
24934,195,164,31
24935,228,228,0
24938,587,517,70
24941,352,269,83
24944,179,140,39
24945,149,149,0
24946,525,384,141
24951,690,562,128
24954,1619,1329,290
24957,118,118,0
24962,16,16,0
24963,1608,1218,390
24966,664,573,91
24970,2030,1407,623
24974,152,129,23
24976,508,433,75
24977,227,164,63
24981,209,136,73
24983,1130,955,175
24984,91,82,9
24986,2198,1508,690
24991,305,283,22
25002,0,0,0
25003,1057,768,289
25005,68,62,6
25007,218,209,9
25008,59,43,16
25009,458,427,31
25011,248,170,78
25015,1772,1390,382
25019,234,168,66
25021,94,29,65
25022,177,163,14
25024,147,91,56
25025,62,62,0
25028,154,119,35
25030,106,106,0
25031,264,157,107
25033,789,659,130
25035,381,309,72
25036,92,65,27
25039,334,267,67
25040,206,178,28
25043,526,424,102
25044,101,77,24
25045,1997,1581,416
25047,63,47,16
25048,33,33,0
25049,186,152,34
25051,95,73,22
25053,1722,1140,582
25054,151,129,22
25057,155,155,0
25059,207,196,11
25060,199,143,56
25061,279,247,32
25062,77,77,0
25063,665,565,100
25064,4504,2552,1952
25067,423,373,50
25070,622,490,132
25071,4618,3606,1012
25075,290,201,89
25076,144,95,49
25081,380,380,0
25082,536,405,131
25083,257,244,13
25085,398,234,164
25086,276,244,32
25088,67,59,8
25090,88,70,18
25093,93,93,0
25102,62,47,15
25103,60,41,19
25106,245,164,81
25107,256,208,48
25108,207,151,56
25109,200,174,26
25110,205,162,43
25111,259,194,65
25112,0,0,0
25113,313,280,33
25114,172,98,74
25115,47,47,0
25118,323,307,16
25119,66,39,27
25121,240,78,162
25123,1392,1141,251
25124,608,513,95
25125,315,256,59
25126,12,12,0
25130,1373,953,420
25132,45,45,0
25133,363,252,111
25134,126,98,28
25136,688,258,430
25139,150,150,0
25140,503,409,94
25141,71,49,22
25142,178,142,36
25143,3512,2454,1058
25148,184,162,22
25149,124,115,9
25152,122,103,19
25154,259,212,47
25156,116,103,13
25159,1994,1659,335
25160,44,44,0
25161,172,151,21
25162,164,126,38
25164,499,416,83
25165,305,247,58
25168,940,861,79
25169,201,153,48
25173,175,96,79
25174,215,208,7
25177,9621,7102,2519
25180,42,42,0
25181,502,449,53
25183,19,19,0
25185,0,0,0
25186,416,267,149
25187,287,239,48
25193,244,171,73
25201,17,0,17
25202,515,449,66
25203,28,10,18
25204,63,33,30
25205,204,191,13
25206,204,148,56
25208,349,298,51
25209,510,362,148
25211,71,71,0
25213,2442,2153,289
25214,204,161,43
25234,381,312,69
25235,467,349,118
25239,725,616,109
25241,668,609,59
25243,242,165,77
25244,200,200,0
25245,256,243,13
25247,274,198,76
25248,1113,1043,70
25251,114,96,18
25252,503,473,30
25253,836,678,158
25259,240,231,9
25260,675,498,177
25261,100,77,23
25262,383,365,18
25264,111,69,42
25265,649,501,148
25266,263,203,60
25267,252,221,31
25268,307,268,39
25270,323,289,34
25271,3828,2581,1247
25275,795,768,27
25276,3258,2296,962
25285,167,158,9
25286,555,440,115
25287,299,287,12
25301,1558,325,1233
25302,6795,4005,2790
25303,3158,2161,997
25304,3365,2147,1218
25305,0,0,0
25306,2983,1880,1103
25309,5454,4093,1361
25311,4934,2491,2443
25312,6304,4338,1966
25313,5154,3765,1389
25314,5852,4744,1108
25315,1450,986,464
25320,2585,2098,487
25401,5946,2800,3146
25403,4821,4074,747
25404,8428,5744,2684
25405,4648,3558,1090
25411,5349,4311,1038
25413,3304,2671,633
25414,6865,5232,1633
25419,4250,3348,902
25420,1571,1372,199
25422,703,559,144
25425,4919,4017,902
25427,5580,4641,939
25428,4708,4003,705
25430,3155,2416,739
25431,110,86,24
25432,78,53,25
25434,985,667,318
25437,117,94,23
25438,2598,1506,1092
25442,698,552,146
25443,2797,2035,762
25444,106,75,31
25446,504,387,117
25501,523,439,84
25502,505,394,111
25503,514,385,129
25504,5380,3781,1599
25505,136,105,31
25506,1972,1402,570
25507,336,243,93
25508,3914,3056,858
25510,1959,1468,491
25511,372,316,56
25512,377,302,75
25514,1424,1059,365
25515,903,766,137
25517,771,544,227
25520,633,513,120
25521,303,250,53
25523,1163,767,396
25524,1153,963,190
25526,8495,6872,1623
25529,330,259,71
25530,2150,1523,627
25534,103,58,45
25535,956,857,99
25537,689,599,90
25540,77,56,21
25541,3979,2926,1053
25545,1785,1582,203
25547,479,393,86
25550,3492,2756,736
25555,662,487,175
25557,634,467,167
25559,648,601,47
25560,3081,2485,596
25564,393,336,57
25565,235,216,19
25567,274,267,7
25570,2402,1635,767
25571,817,677,140
25573,400,338,62
25601,2180,1402,778
25606,514,415,99
25607,449,300,149
25608,452,383,69
25611,323,223,100
25617,282,250,32
25621,828,619,209
25624,92,92,0
25625,483,363,120
25628,129,98,31
25630,248,192,56
25632,164,103,61
25634,130,57,73
25635,570,435,135
25637,343,232,111
25638,371,314,57
25639,178,140,38
25644,191,148,43
25646,505,407,98
25647,324,176,148
25649,623,469,154
25650,167,167,0
25651,402,330,72
25652,569,408,161
25653,155,90,65
25654,81,71,10
25661,2740,1748,992
25666,253,214,39
25669,465,400,65
25670,2234,1745,489
25671,526,373,153
25672,162,125,37
25674,1196,817,379
25676,477,387,90
25678,698,511,187
25688,123,123,0
25690,119,106,13
25692,473,296,177
25696,92,57,35
25699,38,38,0
25701,9840,5318,4522
25702,3144,1851,1293
25703,2017,485,1532
25704,6677,4510,2167
25705,9331,5981,3350
25801,13640,9491,4149
25810,83,83,0
25811,31,13,18
25812,698,550,148
25813,2535,1818,717
25817,394,310,84
25818,216,42,174
25820,213,177,36
25823,999,799,200
25825,950,861,89
25826,156,156,0
25827,949,816,133
25831,711,613,98
25832,1646,1342,304
25836,241,158,83
25837,107,107,0
25839,300,106,194
25840,3473,2905,568
25841,169,160,9
25843,371,289,82
25844,540,358,182
25845,216,182,34
25846,148,129,19
25848,118,104,14
25849,110,110,0
25853,13,0,13
25854,420,348,72
25855,12,12,0
25857,29,15,14
25862,38,38,0
25864,127,127,0
25865,528,455,73
25868,173,173,0
25870,14,14,0
25871,311,211,100
25873,243,243,0
25875,245,222,23
25876,40,40,0
25878,357,329,28
25879,111,98,13
25880,2725,1852,873
25882,856,681,175
25901,4744,3501,1243
25902,50,45,5
25904,174,151,23
25906,198,150,48
25907,20,20,0
25908,50,50,0
25911,21,11,10
25913,95,95,0
25915,76,41,35
25916,68,39,29
25917,814,711,103
25918,1930,1702,228
25920,83,65,18
25921,909,554,355
25922,84,60,24
25928,223,200,23
25932,143,121,22
25936,10,3,7
25938,539,512,27
25942,66,66,0
25951,2656,1831,825
25958,305,205,100
25962,1493,1122,371
25969,471,421,50
25971,394,304,90
25972,77,51,26
25976,1142,973,169
25977,91,91,0
25978,257,177,80
25979,353,277,76
25981,200,126,74
25984,567,359,208
25985,240,173,67
25989,85,72,13
26003,16933,11785,5148
26030,234,176,58
26031,702,431,271
26032,187,148,39
26033,997,912,85
26034,2110,1427,683
26035,940,832,108
26036,158,139,19
26037,2783,2131,652
26038,1300,1098,202
26039,299,217,82
26040,812,525,287
26041,6093,4841,1252
26047,2504,2125,379
26050,720,429,291
26055,526,430,96
26056,46,46,0
26059,1033,834,199
26060,788,646,142
26062,9064,6125,2939
26070,3853,2946,907
26074,211,149,62
26075,146,126,20
26101,12523,7507,5016
26104,7144,4906,2238
26105,5122,3759,1363
26133,580,527,53
26134,432,301,131
26136,299,296,3
26137,235,206,29
26138,56,31,25
26141,130,120,10
26142,1005,758,247
26143,2022,1639,383
26146,311,256,55
26147,830,611,219
26148,108,90,18
26149,802,660,142
26150,2385,1926,459
26151,269,219,50
26152,32,4,28
26155,3023,2442,581
26159,1224,936,288
26160,346,320,26
26161,167,167,0
26164,3034,2222,812
26167,359,348,11
26169,230,213,17
26170,2277,1801,476
26175,1353,1041,312
26178,163,130,33
26180,943,791,152
26181,2541,2242,299
26184,893,746,147
26187,2733,2412,321
26201,7536,5416,2120
26202,203,203,0
26203,55,55,0
26205,1328,983,345
26206,1359,901,458
26208,375,348,27
26209,102,37,65
26215,19,19,0
26217,142,52,90
26218,1060,998,62
26222,232,173,59
26224,110,97,13
26228,18,18,0
26230,39,39,0
26234,607,532,75
26236,16,16,0
26237,233,184,49
26238,368,269,99
26241,5742,3492,2250
26250,1812,1400,412
26253,1522,992,530
26254,137,82,55
26257,494,468,26
26259,23,23,0
26260,689,572,117
26261,1097,802,295
26263,142,142,0
26264,218,196,22
26266,67,44,23
26267,72,62,10
26268,18,18,0
26269,429,315,114
26270,257,214,43
26271,161,147,14
26273,275,210,65
26275,219,143,76
26276,107,107,0
26278,257,249,8
26280,682,520,162
26282,14,14,0
26283,676,546,130
26285,200,200,0
26287,1342,1056,286
26288,1514,1092,422
26291,54,54,0
26292,282,218,64
26293,242,208,34
26294,457,411,46
26296,42,42,0
26298,51,51,0
26301,11862,7645,4217
26320,288,261,27
26321,132,121,11
26323,180,108,72
26325,125,105,20
26327,21,21,0
26330,6025,4542,1483
26335,600,450,150
26337,472,404,68
26338,311,225,86
26339,65,53,12
26342,100,76,24
26343,127,90,37
26346,392,351,41
26347,817,636,181
26348,47,22,25
26349,21,21,0
26351,1391,808,583
26354,4285,3312,973
26361,97,97,0
26362,1332,977,355
26366,13,13,0
26369,329,225,104
26372,316,272,44
26374,505,468,37
26376,256,184,72
26377,167,144,23
26378,1628,1304,324
26384,269,269,0
26385,1514,1361,153
26386,876,708,168
26404,179,130,49
26405,441,397,44
26408,1115,975,140
26410,393,302,91
26411,222,160,62
26412,239,221,18
26415,1207,943,264
26416,3306,2135,1171
26419,467,376,91
26421,56,50,6
26422,167,79,88
26424,77,77,0
26425,502,435,67
26426,2637,2238,399
26430,132,110,22
26431,2354,1897,457
26435,72,58,14
26436,91,49,42
26437,160,140,20
26438,105,72,33
26440,450,340,110
26443,133,133,0
26444,1373,1249,124
26447,538,371,167
26448,577,538,39
26451,292,252,40
26452,3694,2426,1268
26456,1361,1172,189
26501,8290,5043,3247
26505,14882,5070,9812
26508,12104,8935,3169
26519,750,593,157
26520,405,405,0
26521,82,65,17
26525,2002,1662,340
26534,990,594,396
26537,2012,1448,564
26541,994,811,183
26542,1026,918,108
26543,62,19,43
26547,1078,899,179
26554,17052,12288,4764
26559,522,441,81
26560,103,86,17
26562,230,188,42
26563,245,154,91
26568,281,205,76
26570,1340,1205,135
26571,839,689,150
26572,61,61,0
26574,274,203,71
26575,301,203,98
26576,255,242,13
26581,284,212,72
26582,1745,1416,329
26585,179,165,14
26586,112,112,0
26587,162,120,42
26588,1094,900,194
26590,245,216,29
26591,499,464,35
26601,1816,1414,402
26610,397,361,36
26611,79,52,27
26615,65,65,0
26617,69,69,0
26619,141,127,14
26621,282,201,81
26623,478,363,115
26624,1115,911,204
26627,158,95,63
26629,177,164,13
26631,99,73,26
26636,196,162,34
26638,38,31,7
26651,4049,3005,1044
26656,183,128,55
26660,179,147,32
26662,471,432,39
26676,183,183,0
26678,432,362,70
26679,850,722,128
26680,127,105,22
26681,518,469,49
26684,74,64,10
26690,245,238,7
26691,151,111,40
26704,2004,1569,435
26705,274,226,48
26707,104,83,21
26710,780,631,149
26711,1085,787,298
26714,227,141,86
26716,262,238,24
26717,424,243,181
26719,1271,960,311
26720,49,49,0
26722,364,267,97
26726,5259,3876,1383
26731,151,151,0
26739,401,343,58
26743,509,455,54
26750,331,151,180
26753,2396,1626,770
26755,324,312,12
26757,2849,1897,952
26761,238,175,63
26763,681,458,223
26764,1720,1415,305
26767,322,204,118
26801,382,318,64
26802,517,323,194
26804,262,243,19
26807,1245,1036,209
26808,383,228,155
26810,189,140,49
26812,576,487,89
26814,152,123,29
26815,343,314,29
26817,142,112,30
26818,362,282,80
26823,155,72,83
26833,704,634,70
26836,2867,1760,1107
26845,312,261,51
26847,2670,1999,671
26851,669,554,115
26852,340,242,98
26855,275,219,56
26865,132,96,36
26866,281,234,47
26884,336,270,66
27006,5781,5057,724
27007,859,784,75
27009,998,956,42
27011,2302,1679,623
27012,10592,8730,1862
27013,2402,1807,595
27014,304,168,136
27016,534,431,103
27017,3492,2469,1023
27018,3138,2533,605
27019,1643,1435,208
27020,2454,1844,610
27021,7412,5745,1667
27022,485,409,76
27023,5197,4370,827
27024,1117,901,216
27025,4586,3743,843
27027,1861,1066,795
27028,9803,7161,2642
27030,15090,10531,4559
27040,4589,4160,429
27041,3145,2303,842
27042,296,212,84
27043,2687,2021,666
27045,3674,2736,938
27046,965,821,144
27047,482,413,69
27048,3127,2675,452
27050,1624,1385,239
27051,3107,2286,821
27052,4267,3078,1189
27053,1265,1036,229
27054,913,793,120
27055,5699,4500,1199
27101,8829,2990,5839
27103,15590,8092,7498
27104,12717,7601,5116
27105,14755,7173,7582
27106,19510,10619,8891
27107,17254,11852,5402
27109,0,0,0
27110,0,0,0
27127,15313,9568,5745
27201,32,18,14
27203,8893,4131,4762
27205,13100,10058,3042
27207,1295,1058,237
27208,685,591,94
27209,1504,1114,390
27212,577,556,21
27214,3783,3179,604
27215,18189,10304,7885
27217,14179,8891,5288
27229,1094,676,418
27231,761,627,134
27233,1391,1241,150
27235,1848,1462,386
27239,3669,2913,756
27242,763,596,167
27243,1777,1481,296
27244,4887,3405,1482
27248,1610,1069,541
27249,4902,4036,866
27252,901,713,188
27253,12615,9011,3604
27258,2775,2164,611
27260,9043,3168,5875
27262,8612,4574,4038
27263,8794,5708,3086
27265,19834,13132,6702
27278,10001,7825,2176
27281,1266,1014,252
27282,6835,4930,1905
27283,1283,1156,127
27284,22124,15827,6297
27288,9974,6173,3801
27291,656,552,104
27292,15560,9981,5579
27295,15213,11238,3975
27298,4024,2945,1079
27299,2055,1438,617
27301,3311,2872,439
27302,11861,8183,3678
27305,683,548,135
27306,2706,2125,581
27310,2391,2247,144
27311,1540,1176,364
27312,8974,7159,1815
27313,2479,2270,209
27314,499,434,65
27315,820,694,126
27316,2523,1699,824
27317,6558,4798,1760
27320,15801,10685,5116
27325,2538,1969,569
27326,1331,948,383
27330,14322,9126,5196
27332,10876,7627,3249
27340,35,0,35
27341,2097,1859,238
27343,634,544,90
27344,6897,4238,2659
27349,2175,1867,308
27350,2528,2071,457
27355,942,797,145
27356,1121,801,320
27357,3089,2537,552
27358,5280,4571,709
27360,18310,11700,6610
27370,5795,4779,1016
27371,3255,2156,1099
27376,3727,3311,416
27377,3339,2434,905
27379,2111,1341,770
27401,7094,2758,4336
27403,7713,4027,3686
27405,18803,8764,10039
27406,24113,13312,10801
27407,19823,9364,10459
27408,8220,5883,2337
27409,8240,2649,5591
27410,24333,14932,9401
27455,12010,8443,3567
27501,7293,5334,1959
27502,14016,11211,2805
27503,1305,1167,138
27504,5442,3866,1576
27505,2313,1600,713
27507,720,504,216
27508,457,329,128
27509,1590,847,743
27510,7151,2337,4814
27511,13760,9258,4502
27513,17861,11262,6599
27514,9938,4791,5147
27516,15194,10075,5119
27517,10805,7249,3556
27518,8374,5682,2692
27519,19163,14301,4862
27520,14492,10481,4011
27521,2234,1425,809
27522,4559,3710,849
27523,4116,2827,1289
27524,4758,3106,1652
27525,5591,4175,1416
27526,16108,12495,3613
27527,7566,6231,1335
27529,18279,12440,5839
27530,15741,9080,6661
27531,0,0,0
27534,13131,7005,6126
27536,6336,2732,3604
27537,8940,6350,2590
27539,7918,6817,1101
27540,12198,10251,1947
27541,1460,1150,310
27542,3604,2329,1275
27544,1920,1346,574
27545,9592,6963,2629
27546,6846,4446,2400
27549,9965,6975,2990
27551,701,547,154
27553,830,599,231
27555,266,112,154
27556,67,33,34
27557,2717,1763,954
27559,815,666,149
27560,12595,5802,6793
27562,764,632,132
27563,1994,1287,707
27565,9816,6706,3110
27568,264,140,124
27569,3098,1954,1144
27571,2087,1754,333
27572,2796,2511,285
27573,4459,2157,2302
27574,5861,4949,912
27576,6332,4064,2268
27577,9046,5680,3366
27581,1312,1108,204
27582,193,32,161
27583,2795,2554,241
27587,23114,18016,5098
27589,2954,2111,843
27591,7367,5626,1741
27592,5703,4739,964
27596,6622,5441,1181
27597,8516,6299,2217
27601,4215,1051,3164
27603,20096,12050,8046
27604,18176,10217,7959
27605,3159,1093,2066
27606,18192,6498,11694
27607,8729,4518,4211
27608,4845,3429,1416
27609,15510,7991,7519
27610,25377,14779,10598
27612,17775,9584,8191
27613,17572,11862,5710
27614,12504,9279,3225
27615,18207,12513,5694
27616,18811,11645,7166
27617,9088,4160,4928
27701,9464,2792,6672
27703,19701,12043,7658
27704,14583,7953,6630
27705,20198,9479,10719
27707,20646,9252,11394
27709,379,315,64
27712,8354,7756,598
27713,22993,12731,10262
27801,7909,3895,4014
27803,7761,5033,2728
27804,11731,7120,4611
27805,1553,1148,405
27806,1027,852,175
27807,2451,1573,878
27808,901,797,104
27809,1889,1451,438
27810,1901,1271,630
27812,1094,743,351
27813,281,181,100
27814,792,744,48
27816,889,683,206
27817,3096,2264,832
27818,562,452,110
27819,135,103,32
27820,1010,743,267
27821,165,80,85
27822,3325,2644,681
27823,3145,2069,1076
27824,617,359,258
27825,27,7,20
27826,149,120,29
27827,19,18,1
27828,3504,2281,1223
27829,704,479,225
27830,1966,1414,552
27831,1372,980,392
27832,1353,925,428
27834,22908,9312,13596
27837,2371,1942,429
27839,1131,846,285
27840,187,128,59
27841,12,10,2
27842,715,605,110
27843,415,337,78
27844,1167,832,335
27845,912,646,266
27846,1270,985,285
27847,299,202,97
27849,670,466,204
27850,3266,2425,841
27851,1897,1529,368
27852,1164,951,213
27853,219,137,82
27855,2397,1419,978
27856,6231,4602,1629
27857,468,357,111
27858,22632,10112,12520
27860,811,562,249
27861,25,25,0
27862,312,215,97
27863,4803,3630,1173
27864,1986,1244,742
27865,811,720,91
27866,390,209,181
27869,971,719,252
27870,10739,6307,4432
27871,1730,1202,528
27872,226,139,87
27873,201,108,93
27874,1682,1190,492
27875,199,119,80
27876,629,456,173
27878,892,388,504
27879,138,114,24
27880,1369,923,446
27881,39,20,19
27882,2940,1996,944
27883,1233,893,340
27884,478,461,17
27885,413,329,84
27886,8491,5225,3266
27888,872,635,237
27889,10747,7028,3719
27890,1057,455,602
27891,2069,1442,627
27892,5829,3968,1861
27893,15356,6921,8435
27896,8398,5970,2428
27897,656,361,295
27909,14801,9031,5770
27910,4540,2900,1640
27915,399,257,142
27916,362,284,78
27917,268,149,119
27919,461,335,126
27920,526,290,236
27921,1826,1332,494
27922,359,308,51
27923,296,211,85
27924,1487,1360,127
27925,1553,1129,424
27926,581,451,130
27927,437,342,95
27928,805,544,261
27929,746,670,76
27932,5169,3492,1677
27935,692,499,193
27936,471,386,85
27937,1645,1291,354
27938,560,397,163
27939,1009,733,276
27941,206,197,9
27942,423,369,54
27943,268,200,68
27944,5243,3908,1335
27946,443,434,9
27947,517,466,51
27948,4769,3281,1488
27949,3256,2806,450
27950,807,728,79
27953,417,227,190
27954,3065,2160,905
27956,153,131,22
27957,548,431,117
27958,4026,3544,482
27959,1300,813,487
27960,217,111,106
27962,3055,1738,1317
27964,317,224,93
27965,265,204,61
27966,311,189,122
27967,132,112,20
27968,77,28,49
27970,1228,911,317
27972,44,44,0
27973,554,397,157
27974,449,367,82
27976,1414,1293,121
27978,106,59,47
27979,607,484,123
27980,829,666,163
27981,720,385,335
27982,23,13,10
27983,3396,2395,1001
27985,150,80,70
27986,475,308,167
28001,10469,6958,3511
28006,437,369,68
28007,278,244,34
28009,568,386,182
28012,8631,5955,2676
28016,4846,2882,1964
28017,0,0,0
28018,1971,1565,406
28019,0,0,0
28020,822,661,161
28021,5251,3933,1318
28023,5661,4180,1481
28025,20219,13614,6605
28027,22810,16458,6352
28031,11592,8315,3277
28032,1164,717,447
28033,1275,1031,244
28034,6279,4410,1869
28036,6009,4866,1143
28037,8048,6471,1577
28039,31,17,14
28040,3118,2426,692
28043,8440,5117,3323
28052,12377,6849,5528
28054,15185,7609,7576
28056,12786,10218,2568
28071,1089,833,256
28072,476,335,141
28073,2040,1331,709
28075,6203,5521,682
28076,110,77,33
28077,191,101,90
28078,21875,16205,5670
28079,12635,10661,1974
28080,3038,2445,593
28081,9962,6145,3817
28083,9390,5463,3927
28086,9903,6939,2964
28088,1054,813,241
28089,26,22,4
28090,3367,2649,718
28091,816,620,196
28092,15609,11091,4518
28097,2503,1999,504
28098,1252,879,373
28101,334,214,120
28102,35,31,4
28103,4036,2954,1082
28104,10728,9756,972
28105,17147,12360,4787
28107,2664,2342,322
28108,35,20,15
28109,51,24,27
28110,18297,12728,5569
28112,9173,6800,2373
28114,2634,1968,666
28115,13483,9582,3901
28117,15112,10965,4147
28119,1173,699,474
28120,8127,6162,1965
28124,2374,1959,415
28125,870,708,162
28127,2827,2375,452
28128,2979,2237,742
28129,2207,1820,387
28133,893,653,240
28134,4356,2295,2061
28135,1715,1287,428
28137,1120,995,125
28138,3760,2871,889
28139,8155,6165,1990
28144,9491,5134,4357
28146,10683,8243,2440
28147,8974,6089,2885
28150,10733,7081,3652
28152,9302,5982,3320
28159,1095,592,503
28160,1241,750,491
28163,1958,1533,425
28164,5878,4825,1053
28166,3576,2845,731
28167,980,844,136
28168,3768,3102,666
28169,62,31,31
28170,4639,2848,1791
28173,17254,15510,1744
28174,2820,1878,942
28202,6958,2340,4618
28203,8193,2590,5603
28204,3536,946,2590
28205,19859,8432,11427
28206,4811,1655,3156
28207,3776,2869,907
28208,14227,4765,9462
28209,10593,5676,4917
28210,20579,11026,9553
28211,12633,7611,5022
28212,16004,5593,10411
28213,15895,7779,8116
28214,14018,10373,3645
28215,20945,12204,8741
28216,19911,10634,9277
28217,10531,3212,7319
28226,15892,11345,4547
28227,19815,13554,6261
28244,0,0,0
28262,15950,5603,10347
28269,29707,18129,11578
28270,13072,9122,3950
28273,14474,6980,7494
28277,26695,18754,7941
28278,9176,6678,2498
28280,0,0,0
28282,0,0,0
28301,6860,2415,4445
28303,13207,5903,7304
28304,14353,7961,6392
28305,2789,1452,1337
28306,15159,9396,5763
28307,4840,55,4785
28308,30,0,30
28310,0,0,0
28311,14485,6909,7576
28312,7225,4926,2299
28314,23124,10055,13069
28315,4891,3115,1776
28318,1739,1472,267
28320,4089,2690,1399
28323,1316,976,340
28325,195,161,34
28326,7208,4026,3182
28327,6299,5285,1014
28328,9889,6201,3688
28330,217,126,91
28332,116,68,48
28333,3886,2652,1234
28334,9727,6283,3444
28337,4112,2815,1297
28338,1981,1484,497
28339,2887,1910,977
28340,3898,2574,1324
28341,1502,936,566
28342,71,55,16
28343,535,367,168
28344,1234,949,285
28345,4966,3173,1793
28347,524,335,189
28348,12305,8509,3796
28349,1235,952,283
28350,67,67,0
28351,1873,1369,504
28352,9298,5272,4026
28356,1886,1510,376
28357,1065,783,282
28358,13351,7527,5824
28360,4904,3425,1479
28363,443,277,166
28364,5117,3713,1404
28365,6083,4057,2026
28366,2239,1637,602
28367,34,11,23
28369,1063,802,261
28371,2386,1733,653
28372,4551,2895,1656
28373,1059,706,353
28374,7797,6665,1132
28375,54,32,22
28376,14802,9878,4924
28377,4214,2588,1626
28379,10514,6943,3571
28382,2847,1958,889
28383,2932,2183,749
28384,4012,2851,1161
28385,982,678,304
28386,1868,1338,530
28387,6878,3857,3021
28390,8437,4024,4413
28391,2257,1702,555
28392,590,474,116
28393,849,492,357
28394,2153,1486,667
28395,843,664,179
28396,1021,748,273
28398,2853,1538,1315
28399,888,752,136
28401,10350,3694,6656
28403,17836,5567,12269
28405,13448,7949,5499
28409,13102,10542,2560
28411,14564,11171,3393
28412,17236,9896,7340
28420,1330,887,443
28421,508,444,64
28422,3291,2587,704
28423,899,674,225
28424,31,11,20
28425,3946,2718,1228
28428,2956,1848,1108
28429,2885,2216,669
28430,819,679,140
28431,3035,2237,798
28432,633,434,199
28433,2083,1586,497
28434,507,354,153
28435,945,826,119
28436,747,544,203
28438,700,570,130
28439,512,388,124
28441,1277,769,508
28442,735,518,217
28443,8183,6887,1296
28444,913,758,155
28445,2940,2086,854
28447,527,429,98
28448,430,277,153
28449,823,611,212
28450,989,721,268
28451,14064,10737,3327
28452,371,251,120
28453,1208,868,340
28454,880,651,229
28455,824,693,131
28456,1525,1182,343
28457,3951,3277,674
28458,2552,1717,835
28460,4249,2725,1524
28461,8631,6975,1656
28462,5394,4224,1170
28463,3385,2328,1057
28464,1145,762,383
28465,3487,2749,738
28466,4072,3055,1017
28467,4852,4504,348
28468,2396,1942,454
28469,2807,2442,365
28470,5115,3616,1499
28472,7466,5029,2437
28478,1865,1583,282
28479,2345,1825,520
28480,1165,730,435
28501,7896,3583,4313
28504,8785,5809,2976
28508,811,695,116
28510,734,566,168
28511,261,182,79
28512,1612,1189,423
28513,4080,2679,1401
28515,917,564,353
28516,5094,3509,1585
28518,3173,2304,869
28519,153,104,49
28520,148,124,24
28521,1003,806,197
28523,975,703,272
28524,161,140,21
28525,1054,830,224
28526,1223,696,527
28527,501,442,59
28528,225,169,56
28529,724,523,201
28530,2613,1610,1003
28531,578,493,85
28532,8191,3868,4323
28533,19,0,19
28537,57,26,31
28538,790,481,309
28539,5915,3660,2255
28540,17336,9253,8083
28543,1956,28,1928
28544,2416,571,1845
28546,17376,8549,8827
28547,2085,8,2077
28551,5816,4034,1782
28552,50,50,0
28553,145,133,12
28554,94,94,0
28555,1902,1347,555
28556,423,338,85
28557,6897,4463,2434
28560,11575,7458,4117
28562,16195,10981,5214
28570,8717,6349,2368
28571,1310,1074,236
28572,2576,1695,881
28573,885,633,252
28574,6345,4587,1758
28575,238,194,44
28577,117,111,6
28578,2218,1549,669
28579,242,182,60
28580,4135,2938,1197
28581,123,123,0
28582,797,695,102
28583,107,90,17
28584,4901,3551,1350
28585,1518,1185,333
28586,3036,2214,822
28587,168,91,77
28589,74,40,34
28590,9477,6872,2605
28594,1758,1396,362
28601,20524,13178,7346
28602,11338,7578,3760
28604,3132,2314,818
28605,1516,1070,446
28606,667,530,137
28607,12371,6260,6111
28609,2275,1921,354
28610,3849,2983,866
28611,490,386,104
28612,4795,3690,1105
28613,8497,6160,2337
28615,804,638,166
28616,63,53,10
28617,969,599,370
28618,1113,869,244
28619,652,444,208
28621,4009,2609,1400
28622,987,760,227
28623,668,552,116
28624,653,556,97
28625,14831,11208,3623
28626,1071,1000,71
28627,457,352,105
28628,160,93,67
28629,0,0,0
28630,7986,5737,2249
28631,382,344,38
28634,1796,1444,352
28635,1365,1100,265
28636,1918,1416,502
28637,711,507,204
28638,4756,3350,1406
28640,2122,1365,757
28642,2336,1625,711
28643,1498,1206,292
28644,502,429,73
28645,18448,12921,5527
28646,179,137,42
28647,22,22,0
28649,372,352,20
28650,4352,3243,1109
28651,3055,2346,709
28652,0,0,0
28654,1494,1343,151
28655,21186,15073,6113
28657,4015,3028,987
28658,10363,7026,3337
28659,8627,5915,2712
28660,763,648,115
28662,66,39,27
28663,238,200,38
28665,1056,855,201
28666,71,23,48
28667,196,123,73
28668,121,115,6
28669,1213,933,280
28670,1202,926,276
28671,229,147,82
28672,16,16,0
28673,2489,2112,377
28675,2981,2100,881
28676,1608,1239,369
28677,13456,8425,5031
28678,2314,1820,494
28679,745,513,232
28681,9426,7204,2222
28682,550,398,152
28683,588,468,120
28684,967,702,265
28685,790,674,116
28689,698,610,88
28690,3497,2658,839
28692,1631,1341,290
28693,798,574,224
28694,3342,2498,844
28697,5793,4143,1650
28698,930,802,128
28701,1408,1114,294
28702,193,164,29
28704,7940,4937,3003
28705,2839,2242,597
28707,69,54,15
28708,176,145,31
28709,880,690,190
28711,5753,3794,1959
28712,8541,6193,2348
28713,3422,2461,961
28714,7073,5219,1854
28715,10149,7467,2682
28716,7287,5243,2044
28717,689,472,217
28718,159,126,33
28719,2960,2051,909
28720,60,36,24
28721,4319,2920,1399
28722,2841,1759,1082
28723,3488,1426,2062
28725,14,5,9
28726,1330,562,768
28729,1505,1271,234
28730,3475,2817,658
28731,3546,2863,683
28732,7183,5745,1438
28733,7,0,7
28734,12127,8922,3205
28735,169,105,64
28736,295,215,80
28739,9685,7316,2369
28740,376,339,37
28741,1888,1252,636
28742,1049,853,196
28743,881,527,354
28745,238,204,34
28746,1118,905,213
28747,931,766,165
28748,4787,3660,1127
28749,13,13,0
28751,1772,1533,239
28752,12035,8346,3689
28753,4151,3105,1046
28754,3635,2703,932
28756,1745,1365,380
28757,51,51,0
28759,3120,2442,678
28761,3252,2431,821
28762,2786,2139,647
28763,1255,941,314
28766,444,376,68
28768,3037,2463,574
28771,3123,2623,500
28772,435,433,2
28773,1326,1103,223
28774,510,408,102
28775,129,86,43
28777,3580,2903,677
28778,3898,2848,1050
28779,7681,5624,2057
28781,424,302,122
28782,3256,2499,757
28783,703,378,325
28785,3151,2492,659
28786,9573,6550,3023
28787,8462,6778,1684
28789,2303,1596,707
28790,1271,1126,145
28791,6449,4885,1564
28792,14559,9077,5482
28801,6677,2423,4254
28803,15900,7933,7967
28804,8740,5845,2895
28805,9277,5685,3592
28806,17788,10691,7097
28901,2080,1635,445
28902,574,465,109
28904,4137,3094,1043
28905,1271,1081,190
28906,8405,6715,1690
28909,483,394,89
29001,792,617,175
29003,2364,1759,605
29006,3987,2891,1096
29009,943,757,186
29010,4374,2922,1452
29014,692,533,159
29015,639,474,165
29016,7279,6164,1115
29018,1173,997,176
29020,8888,6938,1950
29030,760,659,101
29031,488,371,117
29032,1689,1426,263
29033,5557,3250,2307
29036,8664,7977,687
29037,331,227,104
29038,842,689,153
29039,1421,1121,300
29040,3788,2817,971
29042,1800,1045,755
29044,2055,1582,473
29045,9321,7376,1945
29046,80,80,0
29047,1522,1249,273
29048,2006,1546,460
29051,267,234,33
29052,712,532,180
29053,6671,4702,1969
29054,3459,2964,495
29055,1605,1259,346
29056,875,692,183
29058,1679,1356,323
29059,2186,1516,670
29061,5159,3879,1280
29062,56,24,32
29063,14011,11299,2712
29065,234,185,49
29067,3579,2499,1080
29069,1935,1466,469
29070,5961,4944,1017
29072,21632,17235,4397
29073,17399,13984,3415
29074,64,64,0
29075,995,822,173
29078,6290,5303,987
29079,10,0,10
29080,1026,762,264
29081,497,379,118
29082,194,190,4
29101,1107,954,153
29102,6970,5184,1786
29104,471,351,120
29105,427,303,124
29107,1097,918,179
29108,7752,4943,2809
29111,580,481,99
29112,1604,1286,318
29113,486,394,92
29114,681,530,151
29115,10469,5541,4928
29117,0,0,0
29118,6360,4403,1957
29122,21,14,7
29123,3049,2501,548
29125,978,737,241
29126,870,788,82
29127,3634,3044,590
29128,1829,1583,246
29129,1125,815,310
29130,2411,1997,414
29133,295,266,29
29135,3338,2629,709
29137,723,571,152
29138,3759,2489,1270
29142,2034,1540,494
29145,369,285,84
29146,670,571,99
29147,0,0,0
29148,2957,2315,642
29150,15477,8449,7028
29152,627,0,627
29153,6062,4272,1790
29154,11291,8038,3253
29160,3328,2525,803
29161,4124,2970,1154
29162,1171,875,296
29163,722,482,240
29164,1980,1431,549
29166,361,310,51
29168,1386,1114,272
29169,11041,5465,5576
29170,8435,6446,1989
29172,3645,2544,1101
29175,209,154,55
29178,1296,1037,259
29180,5574,3933,1641
29201,8049,2134,5915
29202,171,92,79
29203,15033,7116,7917
29204,7160,3986,3174
29205,10695,5316,5379
29206,8146,5254,2892
29207,0,0,0
29208,0,0,0
29209,13565,8376,5189
29210,16413,5967,10446
29212,12056,8451,3605
29223,20532,11254,9278
29225,0,0,0
29229,17353,12133,5220
29301,13817,7449,6368
29302,6724,5126,1598
29303,8639,4160,4479
29306,6700,2827,3873
29307,8103,4822,3281
29316,9893,7475,2418
29320,215,197,18
29321,1239,941,298
29322,3201,2772,429
29323,5192,4266,926
29324,140,76,64
29325,5513,3543,1970
29329,96,52,44
29330,3170,2142,1028
29331,72,72,0
29332,953,783,170
29333,248,138,110
29334,4914,3470,1444
29335,1764,1508,256
29338,13,13,0
29340,7297,5339,1958
29341,7500,4819,2681
29346,131,105,26
29349,11674,9723,1951
29351,540,391,149
29353,1716,1376,340
29355,388,361,27
29356,3550,2854,696
29360,8203,5294,2909
29364,236,121,115
29365,4042,3562,480
29368,46,46,0
29369,5258,4748,510
29370,382,353,29
29372,1536,1146,390
29373,162,131,31
29374,1398,1064,334
29375,28,9,19
29376,2695,2220,475
29377,492,224,268
29378,68,0,68
29379,7462,4800,2662
29384,1731,1545,186
29385,2775,1880,895
29388,5903,4404,1499
29401,3765,1871,1894
29403,8510,3197,5313
29404,467,0,467
29405,10203,4261,5942
29406,12495,4508,7987
29407,14973,8401,6572
29409,5,0,5
29410,8376,5305,3071
29412,16539,11505,5034
29414,17228,10706,6522
29418,10009,4983,5026
29420,8324,5496,2828
29423,0,0,0
29424,0,0,0
29426,642,585,57
29429,1199,1114,85
29431,2467,2022,445
29432,1281,998,283
29434,208,176,32
29435,1696,1477,219
29436,1707,1206,501
29437,1035,847,188
29438,1117,1003,114
29439,1178,712,466
29440,10479,7639,2840
29445,20771,13829,6942
29446,393,373,20
29448,826,574,252
29449,3266,2692,574
29450,1307,1080,227
29451,1927,1630,297
29452,193,171,22
29453,448,343,105
29455,9273,7616,1657
29456,10626,6947,3679
29458,1109,904,205
29461,13334,10349,2985
29464,22043,13909,8134
29466,13360,11497,1863
29468,782,464,318
29469,457,440,17
29470,1717,1184,533
29471,579,545,34
29472,2644,2145,499
29474,876,706,170
29475,883,727,156
29477,2538,1931,607
29479,2470,1753,717
29481,674,598,76
29482,800,672,128
29483,29706,22296,7410
29485,19697,13472,6225
29487,1100,937,163
29488,8591,5756,2835
29492,5189,3691,1498
29493,54,43,11
29501,18767,11235,7532
29505,9704,6921,2783
29506,7149,4081,3068
29510,4013,3127,886
29511,1958,1312,646
29512,6122,3831,2291
29516,340,252,88
29518,463,345,118
29519,110,104,6
29520,5386,3491,1895
29525,794,533,261
29526,16287,11784,4503
29527,9706,6853,2853
29530,890,760,130
29532,8304,5445,2859
29536,5702,3354,2348
29540,1878,1502,376
29541,3303,2787,516
29543,173,128,45
29544,1969,1439,530
29545,580,377,203
29546,979,691,288
29547,1248,794,454
29550,12272,8528,3744
29554,3268,2607,661
29555,2078,1495,583
29556,5036,3421,1615
29560,4801,3046,1755
29563,956,621,335
29564,311,215,96
29565,2606,1954,652
29566,7948,6123,1825
29567,175,147,28
29568,5947,4725,1222
29569,6496,4772,1724
29570,1353,944,409
29571,5209,3516,1693
29572,4660,3264,1396
29574,4265,3130,1135
29575,8187,6034,2153
29576,14069,11753,2316
29577,13393,7166,6227
29579,15504,10202,5302
29580,524,440,84
29581,1947,1463,484
29582,7904,5802,2102
29583,1919,1539,380
29584,1005,709,296
29585,6976,5543,1433
29588,16993,12008,4985
29590,838,613,225
29591,2039,1432,607
29592,324,233,91
29593,747,439,308
29594,35,27,8
29596,922,698,224
29601,5319,1799,3520
29605,14219,9094,5125
29607,17243,8220,9023
29609,11874,7164,4710
29611,11331,5811,5520
29613,0,0,0
29614,88,3,85
29615,16998,9086,7912
29617,10872,6125,4747
29620,4966,3841,1125
29621,16142,11111,5031
29624,6444,3025,3419
29625,12365,7999,4366
29626,4856,3753,1103
29627,7113,5145,1968
29628,1005,636,369
29630,6717,3057,3660
29631,5814,2543,3271
29634,48,0,48
29635,568,541,27
29638,1148,910,238
29639,372,261,111
29640,12119,8370,3749
29642,12327,10053,2274
29643,903,826,77
29644,7405,5534,1871
29645,3656,2778,878
29646,10602,5903,4699
29649,10498,6740,3758
29650,13346,9317,4029
29651,17473,13234,4239
29653,1765,1518,247
29654,3834,2932,902
29655,2799,2260,539
29657,6030,4877,1153
29658,182,182,0
29659,47,26,21
29661,2124,1674,450
29662,6172,4263,1909
29664,893,752,141
29665,91,28,63
29666,2662,2171,491
29667,102,92,10
29669,4608,3620,988
29670,3724,2485,1239
29671,6814,5433,1381
29672,5382,4073,1309
29673,10425,7720,2705
29676,2517,2254,263
29678,9091,5811,3280
29680,11242,8917,2325
29681,19915,17242,2673
29682,1491,1223,268
29683,92,80,12
29684,1532,1179,353
29685,701,673,28
29686,347,235,112
29687,15919,11422,4497
29689,1654,1383,271
29690,7933,6265,1668
29691,4445,3143,1302
29692,1877,1350,527
29693,5980,4286,1694
29696,2010,1445,565
29697,5156,3716,1440
29702,3723,2605,1118
29704,1470,1255,215
29706,7601,5395,2206
29707,11353,10494,859
29708,12302,9969,2333
29709,2759,2246,513
29710,13436,10489,2947
29712,848,704,144
29714,1133,917,216
29715,11599,8898,2701
29717,501,467,34
29718,1557,1190,367
29720,17179,12087,5092
29724,7,0,7
29726,621,452,169
29727,600,436,164
29728,3893,2390,1503
29729,782,653,129
29730,21874,12544,9330
29732,23220,15917,7303
29733,0,0,0
29741,905,855,50
29742,1016,851,165
29743,373,197,176
29745,11706,9198,2508
29801,10910,6453,4457
29803,16577,12969,3608
29805,2305,1986,319
29809,1162,796,366
29810,1817,1153,664
29812,4266,3057,1209
29816,438,209,229
29817,1729,1297,432
29819,675,488,187
29821,561,432,129
29824,2446,1728,718
29826,71,58,13
29827,1238,854,384
29828,350,224,126
29829,4218,3121,1097
29831,1705,1418,287
29832,2009,1266,743
29834,765,452,313
29835,2951,2215,736
29836,189,161,28
29838,162,143,19
29840,158,158,0
29841,13052,8383,4669
29842,2809,1832,977
29843,504,392,112
29844,64,61,3
29845,467,337,130
29847,1913,1410,503
29848,262,235,27
29849,146,77,69
29850,107,86,21
29851,2816,2123,693
29853,2572,1802,770
29856,1060,891,169
29860,5901,5012,889
29899,0,0,0
29902,5937,3400,2537
29904,0,0,0
29905,16,0,16
29906,8569,3935,4634
29907,5089,3948,1141
29909,9255,8416,839
29910,15045,10700,4345
29911,556,454,102
29912,0,0,0
29915,201,190,11
29916,548,487,61
29918,1523,1143,380
29920,4207,3443,764
29921,81,64,17
29922,289,216,73
29923,154,128,26
29924,1771,1180,591
29926,10871,8557,2314
29927,3183,1768,1415
29928,7790,6158,1632
29929,440,366,74
29932,67,44,23
29934,445,341,104
29935,1857,540,1317
29936,5038,3556,1482
29939,178,168,10
29940,1445,1159,286
29941,278,197,81
29943,207,173,34
29944,1578,1153,425
29945,2067,1666,401
30002,2791,1599,1192
30004,22152,16795,5357
30005,13260,9081,4179
30008,10804,5634,5170
30009,6477,3912,2565
30011,4728,3675,1053
30012,9372,5001,4371
30013,9465,6285,3180
30014,13560,8061,5499
30016,18064,12717,5347
30017,7364,6541,823
30019,14134,11942,2192
30021,7192,1657,5535
30022,24134,17096,7038
30024,23732,20492,3240
30025,3361,2603,758
30028,8376,7252,1124
30030,11800,7204,4596
30032,17841,8082,9759
30033,13194,7822,5372
30034,16265,9918,6347
30035,8313,4237,4076
30038,14252,7075,7177
30039,14497,10812,3685
30040,23931,19651,4280
30041,22355,18855,3500
30043,28171,19740,8431
30044,26909,17031,9878
30045,11777,10010,1767
30046,12648,6821,5827
30047,20643,15622,5021
30052,21231,17028,4203
30054,4062,3273,789
30055,1076,911,165
30056,827,700,127
30058,20013,11381,8632
30060,13452,5682,7770
30062,23407,18332,5075
30064,18068,14729,3339
30066,20163,15959,4204
30067,20046,7794,12252
30068,12166,10399,1767
30070,184,54,130
30071,7474,3545,3929
30072,371,266,105
30075,19559,15919,3640
30076,16694,9978,6716
30078,11156,8496,2660
30079,1201,486,715
30080,25061,11499,13562
30082,11504,7406,4098
30083,19711,9002,10709
30084,14261,9378,4883
30087,14333,11517,2816
30088,10099,5551,4548
30092,14530,6857,7673
30093,17976,5550,12426
30094,11718,9228,2490
30096,25562,10736,14826
30097,16232,11615,4617
30101,19741,15136,4605
30102,14658,10381,4277
30103,5900,4101,1799
30104,1624,1162,462
30105,737,645,92
30106,8055,4412,3643
30107,5068,4456,612
30108,2879,1919,960
30110,4878,3340,1538
30113,2419,1910,509
30114,18846,12920,5926
30115,13662,11481,2181
30116,8654,6485,2169
30117,13295,6561,6734
30118,0,0,0
30120,14593,9519,5074
30121,8497,4675,3822
30122,9275,4177,5098
30124,1193,887,306
30125,8862,5500,3362
30126,15174,10723,4451
30127,22338,18353,3985
30132,13505,9749,3756
30134,14881,9355,5526
30135,21861,16700,5161
30137,645,420,225
30139,1444,1054,390
30141,8421,6267,2154
30143,8568,6453,2115
30144,20285,11281,9004
30145,2577,2255,322
30147,1659,1103,556
30148,256,239,17
30149,46,0,46
30152,15093,11098,3995
30153,6505,4119,2386
30157,16911,13188,3723
30161,13454,7849,5605
30164,0,0,0
30165,15097,8623,6474
30168,9353,4152,5201
30170,1096,929,167
30171,1260,1041,219
30173,2085,1375,710
30175,2046,1601,445
30176,2748,1631,1117
30177,555,489,66
30178,1123,929,194
30179,6586,5141,1445
30180,12872,9307,3565
30182,1027,768,259
30183,1974,1638,336
30184,2468,2101,367
30185,1445,1125,320
30187,2922,2607,315
30188,23495,17937,5558
30189,13904,10771,3133
30204,4441,2913,1528
30205,1082,925,157
30206,1216,1108,108
30213,11094,6571,4523
30214,10824,8855,1969
30215,12432,10865,1567
30216,861,558,303
30217,3566,2437,1129
30218,580,560,20
30220,1893,1268,625
30222,1618,953,665
30223,13653,7708,5945
30224,9533,6246,3287
30228,13431,9858,3573
30230,3453,2272,1181
30233,7997,6100,1897
30234,765,489,276
30236,16186,8666,7520
30238,12084,6995,5089
30240,10531,6245,4286
30241,8607,4341,4266
30248,8158,6436,1722
30250,0,0,0
30251,861,499,362
30252,14533,12334,2199
30253,19125,11151,7974
30256,854,669,185
30257,1630,1305,325
30258,1023,832,191
30259,1109,916,193
30260,7969,3851,4118
30263,22025,13689,8336
30265,12846,9656,3190
30268,3451,2320,1131
30269,13437,10041,3396
30273,4960,3751,1209
30274,12561,5073,7488
30275,0,0,0
30276,5412,4649,763
30277,7738,6907,831
30281,23732,14881,8851
30284,30,23,7
30285,251,200,51
30286,8748,5478,3270
30288,3317,2353,964
30289,76,62,14
30290,2921,2466,455
30291,8342,2842,5500
30292,1765,1539,226
30293,1201,943,258
30294,13977,10855,3122
30295,1575,1151,424
30296,9049,5618,3431
30297,8883,3575,5308
30303,1261,298,963
30305,12001,6837,5164
30306,11022,6323,4699
30307,8884,5021,3863
30308,11168,3249,7919
30309,14400,6814,7586
30310,11309,4513,6796
30311,14361,5363,8998
30312,11424,3950,7474
30313,2189,674,1515
30314,7282,2196,5086
30315,12286,4110,8176
30316,13183,8191,4992
30317,5548,3473,2075
30318,21677,7990,13687
30319,19336,11031,8305
30322,0,0,0
30324,14393,5625,8768
30326,3680,1191,2489
30327,9178,7084,2094
30328,16437,9580,6857
30329,11463,2829,8634
30331,23605,11769,11836
30332,0,0,0
30334,0,0,0
30336,88,9,79
30337,5585,1602,3983
30338,14219,9079,5140
30339,12263,3875,8388
30340,9375,4331,5044
30341,12749,5808,6941
30342,12669,6409,6260
30344,13128,5287,7841
30345,9982,5099,4883
30346,3033,111,2922
30349,26120,14074,12046
30350,17060,5907,11153
30354,6277,2037,4240
30360,5202,2977,2225
30363,1901,644,1257
30401,5022,3048,1974
30410,583,398,185
30411,898,485,413
30412,24,23,1
30413,645,499,146
30415,2398,1895,503
30417,4040,2677,1363
30420,421,327,94
30421,1404,987,417
30423,46,20,26
30425,536,459,77
30426,247,151,96
30427,4170,2954,1216
30428,929,651,278
30429,66,47,19
30434,1872,1059,813
30436,4493,2874,1619
30438,20,11,9
30439,3960,2355,1605
30441,713,521,192
30442,2948,1980,968
30445,1208,747,461
30446,441,357,84
30448,21,21,0
30449,49,29,20
30450,902,652,250
30451,18,15,3
30452,549,478,71
30453,2667,1475,1192
30454,225,197,28
30455,207,160,47
30456,757,600,157
30457,2331,1629,702
30458,15909,6334,9575
30460,0,0,0
30461,5463,3578,1885
30464,24,17,7
30467,4566,3259,1307
30470,152,105,47
30471,1861,1276,585
30473,1037,805,232
30474,6455,3810,2645
30475,0,0,0
30477,1052,600,452
30501,9629,3860,5769
30504,8449,4528,3921
30506,15383,11970,3413
30507,7978,5695,2283
30510,2380,1848,532
30511,1313,986,327
30512,8325,6434,1891
30513,4955,3660,1295
30516,789,667,122
30517,4685,4004,681
30518,16911,12505,4406
30519,14133,10849,3284
30520,1736,1190,546
30521,1807,1390,417
30522,479,450,29
30523,4982,4079,903
30525,3066,2113,953
30527,1619,1284,335
30528,9536,7052,2484
30529,4085,2553,1532
30530,2201,1678,523
30531,3772,2681,1091
30533,9678,6468,3210
30534,10397,8363,2034
30535,2693,2007,686
30536,3399,2673,726
30537,585,469,116
30538,1111,868,243
30540,7361,5263,2098
30541,620,517,103
30542,12583,9886,2697
30543,1476,1277,199
30545,325,238,87
30546,3193,2666,527
30547,1198,950,248
30548,6461,5746,715
30549,8447,6538,1909
30552,661,542,119
30553,3187,2081,1106
30554,2743,2143,600
30555,931,659,272
30557,1915,1554,361
30558,1968,1475,493
30559,1965,1555,410
30560,2068,1833,235
30562,496,359,137
30563,2037,1703,334
30564,1330,1021,309
30565,1604,1348,256
30566,2647,1824,823
30567,1086,819,267
30568,741,538,203
30571,1791,1470,321
30572,426,343,83
30573,52,43,9
30575,442,321,121
30576,848,755,93
30577,7659,5104,2555
30581,9,0,9
30582,1780,1390,390
30601,9315,3198,6117
30602,0,0,0
30605,16250,5200,11050
30606,17656,8048,9608
30607,3386,2096,1290
30609,0,0,0
30619,553,400,153
30620,4259,3572,687
30621,1888,1700,188
30622,4551,3095,1456
30623,65,59,6
30624,1142,862,280
30625,886,698,188
30627,1020,842,178
30628,2250,1951,299
30629,1784,1287,497
30630,873,613,260
30631,593,408,185
30633,3393,2583,810
30634,801,663,138
30635,5882,4267,1615
30641,825,752,73
30642,5015,3615,1400
30643,6173,4622,1551
30646,2617,1763,854
30648,1203,999,204
30650,4380,3252,1128
30655,8949,5293,3656
30656,5646,4279,1367
30660,374,244,130
30662,3468,2185,1283
30663,1089,762,327
30664,17,15,2
30665,20,12,8
30666,3421,2571,850
30667,371,294,77
30668,659,541,118
30669,1325,854,471
30673,3034,1941,1093
30677,6728,5700,1028
30678,543,466,77
30680,14052,9554,4498
30683,2552,1839,713
30701,14419,8503,5916
30705,11765,7922,3843
30707,6294,4688,1606
30708,88,63,25
30710,2593,2038,555
30711,1374,1190,184
30720,9662,5100,4562
30721,18135,11099,7036
30725,1675,1304,371
30726,0,0,0
30728,7584,5268,2316
30730,774,663,111
30731,952,711,241
30733,737,525,212
30734,1368,1018,350
30735,2241,1732,509
30736,15557,12658,2899
30738,1559,1321,238
30739,2059,1649,410
30740,3291,2667,624
30741,11158,7366,3792
30742,3104,1661,1443
30746,408,270,138
30747,5501,3688,1813
30750,1306,1063,243
30751,17,17,0
30752,3361,2325,1036
30753,2609,1718,891
30755,3245,2391,854
30756,71,20,51
30757,919,698,221
30802,2006,1626,380
30803,278,227,51
30805,994,726,268
30807,35,29,6
30808,1456,1127,329
30809,13831,11572,2259
30810,714,522,192
30812,0,0,0
30813,13744,10218,3526
30814,2485,1943,542
30815,13992,9714,4278
30816,791,613,178
30817,3319,2344,975
30818,238,172,66
30820,432,333,99
30821,331,293,38
30822,296,236,60
30823,578,509,69
30824,6634,3809,2825
30828,1841,1170,671
30830,4968,3435,1533
30833,1229,765,464
30901,6483,1921,4562
30903,245,245,0
30904,10174,4644,5530
30905,997,4,993
30906,19490,11082,8408
30907,18357,13492,4865
30909,17400,9128,8272
30912,0,0,0
31001,933,678,255
31002,1074,799,275
31003,29,29,0
31005,6079,4677,1402
31006,2019,1389,630
31007,410,353,57
31008,7384,5441,1943
31009,489,396,93
31011,282,240,42
31012,564,378,186
31014,4379,3141,1238
31015,7746,4382,3364
31016,624,486,138
31017,665,486,179
31018,475,389,86
31019,785,561,224
31020,653,494,159
31021,10126,5684,4442
31022,577,454,123
31023,5572,3552,2020
31024,8175,6378,1797
31025,381,371,10
31027,3426,2223,1203
31028,2508,1915,593
31029,5674,4240,1434
31030,6092,3655,2437
31031,2279,1673,606
31032,5402,4158,1244
31033,775,630,145
31035,444,368,76
31036,4140,2649,1491
31037,1399,823,576
31038,217,193,24
31039,0,0,0
31041,269,199,70
31042,570,474,96
31044,1134,838,296
31045,19,19,0
31046,1280,1212,68
31047,4962,4031,931
31049,643,475,168
31050,343,206,137
31051,55,37,18
31052,3098,2731,367
31054,537,395,142
31055,2213,1269,944
31057,860,557,303
31058,576,480,96
31060,772,620,152
31061,15802,8722,7080
31062,0,0,0
31063,1905,1241,664
31064,3513,2507,1006
31065,449,355,94
31066,443,353,90
31067,97,87,10
31068,1400,890,510
31069,7151,4408,2743
31070,352,248,104
31071,503,393,110
31072,565,434,131
31075,950,759,191
31076,1312,985,327
31077,588,434,154
31078,1150,753,397
31079,835,648,187
31081,24,24,0
31082,3755,2500,1255
31083,130,96,34
31084,27,27,0
31085,412,315,97
31087,3021,2256,765
31088,20999,13697,7302
31089,1856,1085,771
31090,335,242,93
31091,1320,923,397
31092,2701,1816,885
31093,11036,5563,5473
31094,466,340,126
31096,2478,1650,828
31097,548,463,85
31098,1016,5,1011
31201,3291,768,2523
31204,11726,5836,5890
31206,9195,3851,5344
31207,4,4,0
31210,13967,7416,6551
31211,6302,3766,2536
31213,0,0,0
31216,5836,4751,1085
31217,6110,3758,2352
31220,5598,3534,2064
31301,1753,704,1049
31302,3346,2455,891
31303,843,643,200
31304,0,0,0
31305,2423,1707,716
31307,292,282,10
31308,2676,2020,656
31309,388,285,103
31312,6657,5775,882
31313,15839,7121,8718
31314,0,0,0
31315,2433,9,2424
31316,3988,2863,1125
31318,143,143,0
31320,3204,2308,896
31321,2581,2007,574
31322,9490,5663,3827
31323,585,488,97
31324,8890,6103,2787
31326,7488,5064,2424
31327,142,142,0
31328,1441,967,474
31329,3404,2259,1145
31331,3442,2816,626
31401,8031,2541,5490
31404,11719,5258,6461
31405,13965,7246,6719
31406,13452,7902,5550
31407,4823,3011,1812
31408,3091,1188,1903
31409,0,0,0
31410,9895,7277,2618
31411,4147,3853,294
31415,4468,1708,2760
31419,21910,10810,11100
31501,6123,3237,2886
31503,7757,5713,2044
31510,3454,2322,1132
31512,840,612,228
31513,5847,4214,1633
31516,5381,4127,1254
31518,340,265,75
31519,1367,1026,341
31520,9238,4246,4992
31522,7493,5550,1943
31523,5395,4449,946
31524,0,0,0
31525,11298,6477,4821
31527,306,236,70
31532,254,215,39
31533,5922,3251,2671
31535,4136,3021,1115
31537,2922,2093,829
31539,5101,3439,1662
31542,1018,789,229
31543,1664,1323,341
31544,333,244,89
31545,5705,3293,2412
31546,2423,1613,810
31547,101,0,101
31548,7595,4517,3078
31549,834,563,271
31550,329,235,94
31551,368,218,150
31552,299,276,23
31553,1766,1339,427
31554,1888,1475,413
31555,1073,899,174
31556,31,23,8
31557,1204,920,284
31558,8198,4676,3522
31560,1118,828,290
31561,20,20,0
31562,741,615,126
31563,507,382,125
31565,870,771,99
31566,1384,1256,128
31567,320,193,127
31568,344,295,49
31569,2115,1634,481
31601,11572,5220,6352
31602,13178,5457,7721
31605,8003,4987,3016
31606,1204,957,247
31620,3874,2566,1308
31622,826,623,203
31623,42,39,3
31624,481,411,70
31625,381,326,55
31626,1427,1048,379
31627,119,83,36
31629,254,138,116
31630,182,110,72
31631,170,165,5
31632,4371,3251,1120
31634,2091,1480,611
31635,2347,1252,1095
31636,3895,2609,1286
31637,1128,824,304
31638,438,288,150
31639,4047,2759,1288
31641,668,532,136
31642,1567,1146,421
31643,3572,2630,942
31645,1927,1210,717
31647,1313,784,529
31648,413,271,142
31649,488,460,28
31650,1210,972,238
31698,0,0,0
31699,0,0,0
31701,7379,2468,4911
31705,10910,4860,6050
31707,10905,4565,6340
31709,6190,3066,3124
31711,356,219,137
31712,484,315,169
31714,2258,1544,714
31716,975,793,182
31719,3425,1977,1448
31720,129,89,40
31721,7901,5750,2151
31722,169,112,57
31730,3417,2083,1334
31733,572,464,108
31735,370,263,107
31738,803,587,216
31743,165,80,85
31744,1153,789,364
31747,76,53,23
31749,909,581,328
31750,6996,4269,2727
31756,292,292,0
31757,4180,2991,1189
31763,8508,5940,2568
31764,491,386,105
31765,1128,816,312
31768,7778,4188,3590
31771,1866,1169,697
31772,181,145,36
31773,1461,1141,320
31774,2315,1590,725
31775,1097,912,185
31778,987,812,175
31779,3120,1902,1218
31780,853,639,214
31781,784,509,275
31783,357,333,24
31784,255,180,75
31787,605,402,203
31788,3574,2334,1240
31789,396,296,100
31790,663,410,253
31791,4731,2915,1816
31792,9247,5108,4139
31793,3276,2505,771
31794,10287,5243,5044
31795,742,591,151
31796,495,368,127
31798,278,212,66
31801,1322,1138,184
31803,2112,1423,689
31804,2094,1918,176
31805,1019,660,359
31806,1862,1298,564
31807,1089,933,156
31808,2447,2269,178
31810,120,91,29
31811,2132,1828,304
31812,251,195,56
31814,139,88,51
31815,803,574,229
31816,2165,1173,992
31820,3787,3254,533
31821,58,58,0
31822,2317,1679,638
31823,333,303,30
31824,694,541,153
31825,1024,749,275
31826,946,650,296
31827,883,660,223
31829,354,326,28
31830,828,520,308
31831,1311,1182,129
31832,112,87,25
31833,2918,1851,1067
31836,436,368,68
31901,2919,612,2307
31903,7108,2383,4725
31904,13103,6398,6705
31905,3589,7,3582
31906,8711,3621,5090
31907,20036,11076,8960
31909,15092,7609,7483
32003,10292,8116,2176
32008,1853,1485,368
32009,1217,1068,149
32011,4999,4115,884
32024,7045,5930,1115
32025,7533,4569,2964
32026,0,0,0
32033,1792,1428,364
32034,15074,11444,3630
32038,3887,3339,548
32040,2465,2104,361
32043,9032,6723,2309
32044,764,615,149
32046,3341,2576,765
32052,2720,1824,896
32053,1088,835,253
32054,3476,2471,1005
32055,6165,4215,1950
32058,1210,935,275
32059,974,849,125
32060,8093,5884,2209
32061,104,84,20
32062,757,684,73
32063,4512,3115,1397
32064,2354,1196,1158
32065,12373,9135,3238
32066,1753,1383,370
32068,19383,14768,4615
32071,1263,949,314
32072,120,120,0
32073,15574,10058,5516
32079,239,20,219
32080,9535,7128,2407
32081,4374,3574,800
32082,12745,10339,2406
32083,492,310,182
32084,12861,8226,4635
32086,11586,8626,2960
32087,1468,1125,343
32091,5619,3497,2122
32092,11984,10424,1560
32094,910,786,124
32095,3784,2905,879
32096,1015,762,253
32097,6578,5282,1296
32102,1109,893,216
32110,2916,1980,936
32112,2849,2091,758
32113,1942,1536,406
32114,13528,4192,9336
32117,9823,5214,4609
32118,9024,5737,3287
32119,10021,6140,3881
32124,1598,1318,280
32127,12777,9611,3166
32128,7854,6692,1162
32129,9722,6458,3264
32130,1945,1532,413
32131,1736,1270,466
32132,3302,2570,732
32133,25,25,0
32134,3050,2530,520
32136,3721,3036,685
32137,16689,13339,3350
32139,452,432,20
32140,548,490,58
32141,7379,5955,1424
32145,1875,1510,365
32147,174,130,44
32148,4043,2802,1241
32157,106,64,42
32159,15267,12509,2758
32162,30152,28919,1233
32164,16303,11512,4791
32168,11549,8978,2571
32169,5448,4207,1241
32174,22123,17208,4915
32176,7090,5281,1809
32177,10138,6595,3543
32179,3333,2606,727
32180,1240,976,264
32181,857,734,123
32187,733,568,165
32189,2557,2207,350
32190,371,269,102
32193,329,239,90
32195,1229,1069,160
32202,1793,187,1606
32204,3825,1070,2755
32205,13074,6145,6929
32206,6767,2801,3966
32207,14740,7081,7659
32208,12336,7022,5314
32209,13207,6182,7025
32210,23548,12417,11131
32211,13258,5842,7416
32212,248,0,248
32216,15592,7469,8123
32217,8377,4358,4019
32218,21429,13228,8201
32219,4115,3354,761
32220,4627,3696,931
32221,10050,7487,2563
32222,3304,2322,982
32223,9566,7893,1673
32224,15868,9322,6546
32225,19956,13946,6010
32226,5544,4625,919
32227,411,4,407
32228,0,0,0
32233,9518,5510,4008
32234,2183,1624,559
32244,21611,12839,8772
32246,20148,10777,9371
32250,12378,8408,3970
32254,4624,2248,2376
32256,20410,7535,12875
32257,15517,9449,6068
32258,12186,8483,3703
32259,15732,13557,2175
32266,2924,2003,921
32277,11913,6198,5715
32301,12947,4146,8801
32303,21112,10373,10739
32304,16535,2187,14348
32305,7789,4805,2984
32308,10318,5672,4646
32309,12391,9741,2650
32310,5662,2719,2943
32311,8139,5054,3085
32312,12683,10376,2307
32317,5333,4837,496
32320,1512,1028,484
32321,1616,1182,434
32322,1132,901,231
32323,155,124,31
32324,1673,1061,612
32327,9616,7734,1882
32328,1274,1025,249
32330,280,149,131
32331,1613,1337,276
32332,526,338,188
32333,4735,3630,1105
32334,765,611,154
32336,557,496,61
32340,3896,2791,1105
32343,1277,963,314
32344,5023,3830,1193
32346,800,593,207
32347,2880,2519,361
32348,3664,2843,821
32350,559,497,62
32351,6206,4165,2041
32352,2383,1828,555
32355,100,84,16
32356,46,46,0
32358,785,689,96
32359,732,477,255
32361,84,77,7
32399,0,0,0
32401,9323,4622,4701
32403,810,0,810
32404,14384,9375,5009
32405,12496,7098,5398
32407,4503,2389,2114
32408,7408,4612,2796
32409,3618,3014,604
32410,506,386,120
32413,6288,4561,1727
32420,849,734,115
32421,1814,1497,317
32423,425,375,50
32424,1968,1576,392
32425,4672,3412,1260
32426,349,296,53
32427,406,337,69
32428,5585,4320,1265
32430,420,366,54
32431,1615,1208,407
32432,0,0,0
32433,6306,4439,1867
32435,2883,2098,785
32437,304,203,101
32438,1397,1282,115
32439,3953,2914,1039
32440,2015,1411,604
32442,1431,1046,385
32443,1264,997,267
32444,8085,6001,2084
32445,475,332,143
32446,3968,2668,1300
32447,0,0,0
32448,3890,2536,1354
32449,231,213,18
32455,1723,1308,415
32456,3356,2403,953
32459,6356,4917,1439
32460,1463,1090,373
32461,23,23,0
32462,1395,1051,344
32463,65,37,28
32464,1836,1592,244
32465,2237,1758,479
32466,2017,1827,190
32501,4323,2240,2083
32502,1452,795,657
32503,11984,7416,4568
32504,9199,5159,4040
32505,10926,5501,5425
32506,14117,7673,6444
32507,12952,7339,5613
32508,505,0,505
32509,0,0,0
32511,0,0,0
32514,16816,8411,8405
32526,14320,10724,3596
32530,0,0,0
32531,2154,1883,271
32533,10190,8449,1741
32534,6144,4360,1784
32535,1818,1168,650
32536,8459,5465,2994
32539,9400,6654,2746
32541,8088,4957,3131
32542,658,0,658
32544,311,0,311
32547,14518,6834,7684
32548,9502,5363,4139
32550,3866,2732,1134
32561,3974,3165,809
32563,9770,7460,2310
32564,1034,848,186
32565,2089,1647,442
32566,14019,10843,3176
32567,1309,1067,242
32568,1038,846,192
32569,4915,3367,1548
32570,11658,8058,3600
32571,12210,9368,2842
32577,1747,1522,225
32578,12436,9461,2975
32579,4360,2940,1420
32580,1497,957,540
32583,8558,6505,2053
32601,7628,2163,5465
32603,1718,331,1387
32605,10107,7183,2924
32606,9160,4825,4335
32607,11911,4065,7846
32608,19357,7730,11627
32609,6894,3993,2901
32612,5,0,5
32615,5572,4238,1334
32616,391,214,177
32617,1491,1226,265
32618,2871,2355,516
32619,2037,1726,311
32621,2131,1536,595
32622,371,320,51
32625,680,505,175
32626,3639,2763,876
32628,1333,944,389
32631,149,149,0
32639,81,70,11
32640,4317,3524,793
32641,4715,2804,1911
32643,4339,3600,739
32648,184,168,16
32653,5745,4385,1360
32656,5473,4347,1126
32658,104,85,19
32664,229,173,56
32666,2670,2128,542
32667,1720,1258,462
32668,2044,1709,335
32669,4662,3955,707
32680,4550,3578,972
32681,31,31,0
32683,48,42,6
32686,1871,1338,533
32692,142,142,0
32693,4405,3451,954
32694,838,603,235
32696,4692,3708,984
32697,102,8,94
32701,9633,4992,4641
32702,1151,768,383
32703,17678,10842,6836
32707,14371,9332,5039
32708,16702,12493,4209
32709,818,724,94
32712,15659,12429,3230
32713,8297,6960,1337
32714,14829,6978,7851
32720,12478,8570,3908
32724,14210,9756,4454
32725,16693,12930,3763
32726,8657,5451,3206
32730,2500,988,1512
32732,1760,1727,33
32735,2038,1792,246
32736,3370,3050,320
32738,14994,11252,3742
32744,1516,1261,255
32746,16676,10674,6002
32750,9033,6357,2676
32751,8481,5854,2627
32754,4038,3613,425
32757,11303,7884,3419
32759,1228,902,326
32763,8996,5599,3397
32764,1202,1083,119
32765,21128,14752,6376
32766,5134,4517,617
32767,1063,845,218
32771,19336,11541,7795
32773,11056,6531,4525
32776,3966,3316,650
32778,9082,6824,2258
32779,10777,8772,2005
32780,15260,10602,4658
32784,4315,3143,1172
32789,11015,7534,3481
32792,20657,9590,11067
32796,8202,6143,2059
32798,1294,1208,86
32801,7394,1679,5715
32803,9497,5162,4335
32804,7722,4887,2835
32805,7706,2529,5177
32806,11265,6589,4676
32807,11820,5372,6448
32808,18106,7092,11014
32809,9275,4833,4442
32810,13447,6845,6602
32811,15429,3751,11678
32812,14144,7938,6206
32814,3165,1431,1734
32817,11528,6337,5191
32818,16968,9283,7685
32819,10142,6481,3661
32820,2836,2490,346
32821,7232,2888,4344
32822,22469,8764,13705
32824,13039,8768,4271
32825,20407,12632,7775
32826,7646,4075,3571
32827,3498,2184,1314
32828,21327,13508,7819
32829,6230,4756,1474
32830,5,0,5
32831,25,25,0
32832,8170,5267,2903
32833,3271,2556,715
32835,16879,6759,10120
32836,7145,4758,2387
32837,17084,9648,7436
32839,18160,4044,14116
32901,10722,5035,5687
32903,6012,4881,1131
32904,11824,9265,2559
32905,9508,4986,4522
32907,14883,11669,3214
32908,3996,3237,759
32909,10760,8493,2267
32920,5380,3206,2174
32922,5925,2308,3617
32925,440,0,440
32926,8365,6472,1893
32927,9401,8045,1356
32931,7155,4763,2392
32934,7132,6093,1039
32935,17006,10064,6942
32937,11349,8608,2741
32940,15694,12890,2804
32948,1776,1282,494
32949,956,910,46
32950,1683,1562,121
32951,5310,4442,868
32952,8432,6902,1530
32953,9861,7247,2614
32955,15167,11475,3692
32958,10839,8930,1909
32960,8364,4742,3622
32962,9025,7283,1742
32963,7181,6653,528
32966,7934,5872,2062
32967,7604,5723,1881
32968,4615,4288,327
32970,82,82,0
32976,4662,4133,529
33001,201,134,67
33004,6561,3121,3440
33009,18421,9570,8851
33010,15108,4680,10428
33012,23929,11160,12769
33013,9543,5454,4089
33014,14119,6094,8025
33015,21075,10986,10089
33016,14948,8180,6768
33018,14004,10279,3725
33019,6880,5076,1804
33020,18546,6143,12403
33021,18255,11829,6426
33023,20500,13523,6977
33024,23426,15739,7687
33025,24198,11355,12843
33026,11307,9253,2054
33027,21138,16783,4355
33028,8054,6149,1905
33029,12773,11261,1512
33030,9011,3431,5580
33031,1925,1652,273
33032,12314,6714,5600
33033,15375,8391,6984
33034,4894,1810,3084
33035,4390,1830,2560
33036,1519,1245,274
33037,4630,3484,1146
33039,106,106,0
33040,13160,5853,7307
33042,3002,2275,727
33043,2023,1531,492
33050,3910,2230,1680
33051,349,223,126
33054,9072,4247,4825
33055,11368,8591,2777
33056,9860,6224,3636
33060,12867,5557,7310
33062,12053,8637,3416
33063,22261,15313,6948
33064,20480,13071,7409
33065,17886,8908,8978
33066,8673,7082,1591
33067,8714,6125,2589
33068,16131,9313,6818
33069,10453,5144,5309
33070,2175,1487,688
33071,12879,8209,4670
33073,11338,6384,4954
33076,11501,9192,2309
33101,0,0,0
33109,273,232,41
33122,47,0,47
33125,20893,5212,15681
33126,18026,6140,11886
33127,10096,2828,7268
33128,3113,169,2944
33129,6210,3018,3192
33130,12767,1939,10828
33131,9417,3035,6382
33132,6389,1668,4721
33133,13628,6466,7162
33134,16304,8650,7654
33135,14517,2854,11663
33136,5830,791,5039
33137,10039,2659,7380
33138,12447,5689,6758
33139,20882,7237,13645
33140,9181,5342,3839
33141,17739,5391,12348
33142,18983,5000,13983
33143,12274,6599,5675
33144,9175,5362,3813
33145,11555,5664,5891
33146,4077,3083,994
33147,14189,6520,7669
33149,4367,3105,1262
33150,9733,2934,6799
33154,6272,3428,2844
33155,14518,10378,4140
33156,10991,7800,3191
33157,19426,13023,6403
33158,2110,1976,134
33160,19617,10704,8913
33161,15904,6162,9742
33162,12927,6959,5968
33165,16079,10768,5311
33166,7908,3773,4135
33167,5706,3093,2613
33168,6701,4740,1961
33169,11777,6180,5597
33170,3823,2247,1576
33172,13687,6076,7611
33173,10977,7733,3244
33174,9667,5582,4085
33175,15655,11703,3952
33176,17152,11638,5514
33177,14600,10529,4071
33178,14891,7767,7124
33179,15886,9501,6385
33180,14729,9816,4913
33181,7435,2832,4603
33182,3769,3305,464
33183,11630,7370,4260
33184,6104,4612,1492
33185,7954,6758,1196
33186,21383,14387,6996
33187,5127,4576,551
33189,7943,4677,3266
33190,4608,1917,2691
33193,14402,9102,5300
33194,1563,1274,289
33196,13948,9254,4694
33301,7675,3687,3988
33304,9329,3418,5911
33305,6466,3988,2478
33306,1752,1113,639
33308,15485,10612,4873
33309,12974,7870,5104
33311,22430,9141,13289
33312,17769,10070,7699
33313,19653,8287,11366
33314,8768,3802,4966
33315,6029,3206,2823
33316,5077,3132,1945
33317,12456,9268,3188
33319,18181,11711,6470
33321,19836,14496,5340
33322,16111,12957,3154
33323,7038,4929,2109
33324,19217,10707,8510
33325,9099,6974,2125
33326,10847,7422,3425
33327,6609,5210,1399
33328,10166,7828,2338
33330,4612,4218,394
33331,7578,6484,1094
33332,3210,2870,340
33334,12280,6635,5645
33351,11425,6077,5348
33401,11588,4482,7106
33403,4236,1905,2331
33404,10002,5460,4542
33405,7021,4070,2951
33406,8580,5505,3075
33407,10719,4576,6143
33408,9025,6986,2039
33409,11116,4788,6328
33410,14869,9785,5084
33411,24028,17610,6418
33412,5320,4648,672
33413,5099,3249,1850
33414,19617,14423,5194
33415,16516,9280,7236
33417,14246,8261,5985
33418,16864,13338,3526
33426,9361,5614,3747
33428,13682,9804,3878
33430,7249,2254,4995
33431,7576,5235,2341
33432,10269,6469,3800
33433,18180,12503,5677
33434,9694,8087,1607
33435,13441,7735,5706
33436,17401,12600,4801
33437,18402,15978,2424
33438,84,78,6
33440,6467,4147,2320
33441,11029,5377,5652
33442,13692,9090,4602
33444,8257,4313,3944
33445,13655,8439,5216
33446,12932,11040,1892
33449,3802,3590,212
33455,9854,8112,1742
33458,21197,15051,6146
33460,11310,4729,6581
33461,14912,7079,7833
33462,12124,7159,4965
33463,18184,12596,5588
33467,19875,17141,2734
33469,6805,5823,982
33470,7881,7105,776
33471,2086,1563,523
33472,7940,7247,693
33473,3540,2998,542
33476,2735,1048,1687
33477,7356,6002,1354
33478,4506,4403,103
33480,5615,4804,811
33483,6051,4203,1848
33484,14332,11098,3234
33486,9097,7286,1811
33487,9168,7179,1989
33493,540,257,283
33496,9701,8403,1298
33498,5165,4879,286
33503,50,45,5
33510,10310,6175,4135
33511,21972,10746,11226
33513,3819,3091,728
33514,690,406,284
33521,184,138,46
33523,6371,4287,2084
33525,7249,5252,1997
33527,4753,3521,1232
33534,4942,3193,1749
33538,1939,1502,437
33540,3846,2742,1104
33541,8868,6953,1915
33542,9792,6901,2891
33543,8944,7177,1767
33544,9304,6572,2732
33545,5814,4294,1520
33547,7916,6556,1360
33548,2545,2262,283
33549,6858,5278,1580
33556,7958,7238,720
33558,8688,5947,2741
33559,6663,3843,2820
33563,9683,5269,4414
33565,6085,4791,1294
33566,7035,5096,1939
33567,3692,2766,926
33569,9617,7742,1875
33570,9311,6712,2599
33572,7613,6433,1180
33573,12630,10031,2599
33576,2061,1829,232
33578,18564,9919,8645
33579,10390,8065,2325
33584,9258,7099,2159
33585,480,399,81
33592,3989,2674,1315
33594,12663,10256,2407
33596,9893,8546,1347
33597,2843,2411,432
33598,5453,4164,1289
33602,7865,3084,4781
33603,8467,4440,4027
33604,14951,7443,7508
33605,7041,2539,4502
33606,8030,3566,4464
33607,10644,4159,6485
33609,8476,4468,4008
33610,16005,6773,9232
33611,14838,8321,6517
33612,18487,6304,12183
33613,14335,4272,10063
33614,18484,7232,11252
33615,17479,9406,8073
33616,6519,3027,3492
33617,18006,6666,11340
33618,11423,7446,3977
33619,13156,6005,7151
33620,11,0,11
33621,563,0,563
33624,15017,9641,5376
33625,10180,6845,3335
33626,11371,7440,3931
33629,10454,8308,2146
33634,7568,4620,2948
33635,7120,4342,2778
33637,6258,2391,3867
33647,24218,13572,10646
33701,8629,3017,5612
33702,13070,8111,4959
33703,10694,8096,2598
33704,7372,5241,2131
33705,10546,5762,4784
33706,8513,6154,2359
33707,12349,8329,4020
33708,8310,6063,2247
33709,10886,7943,2943
33710,13341,10084,3257
33711,7224,4137,3087
33712,9366,4857,4509
33713,12724,8231,4493
33714,7999,4947,3052
33715,3769,3327,442
33716,8882,1561,7321
33744,0,0,0
33755,9300,4856,4444
33756,13356,7811,5545
33759,7785,4383,3402
33760,6600,3054,3546
33761,8951,7323,1628
33762,2652,1939,713
33763,9416,6561,2855
33764,11353,8028,3325
33765,5899,2695,3204
33767,4111,3305,806
33770,11686,6505,5181
33771,13867,7641,6226
33772,9934,7297,2637
33773,7263,5266,1997
33774,8237,5827,2410
33776,5115,4640,475
33777,7115,5598,1517
33778,6003,4669,1334
33781,10179,5994,4185
33782,9455,6884,2571
33785,3002,2054,948
33786,778,680,98
33801,12271,6193,6078
33803,12015,7378,4637
33805,9018,4223,4795
33809,10886,7511,3375
33810,17503,13149,4354
33811,7782,5548,2234
33812,4484,3593,891
33813,12766,10446,2320
33815,5395,3027,2368
33823,10923,7906,3017
33825,9082,6437,2645
33827,907,804,103
33830,9437,6176,3261
33834,1754,1140,614
33837,8882,6671,2211
33838,1183,683,500
33839,1037,686,351
33841,2980,2220,760
33843,3457,2697,760
33844,11760,7519,4241
33847,37,35,2
33848,186,116,70
33849,335,291,44
33850,3087,2039,1048
33851,348,332,16
33852,8301,6801,1500
33853,4225,2077,2148
33854,160,70,90
33855,0,0,0
33856,215,0,215
33857,893,538,355
33859,4219,2901,1318
33860,7979,6091,1888
33865,248,190,58
33867,205,205,0
33868,3809,3119,690
33870,8728,5614,3114
33872,6922,5367,1555
33873,4357,2659,1698
33875,4631,3940,691
33876,2000,1734,266
33877,134,42,92
33880,13648,8937,4711
33881,12680,8599,4081
33884,11945,8424,3521
33890,1463,1189,274
33896,3097,1842,1255
33897,6345,4607,1738
33898,6314,4878,1436
33901,8876,3728,5148
33903,10508,8155,2353
33904,13854,10472,3382
33905,11385,7169,4216
33907,9546,4140,5406
33908,17557,12371,5186
33909,10445,6302,4143
33912,7905,6622,1283
33913,8271,6983,1288
33914,14735,11025,3710
33916,8169,2961,5208
33917,12471,10145,2326
33919,14047,10342,3705
33920,1958,1730,228
33921,321,268,53
33922,1656,1348,308
33924,49,36,13
33928,10908,9278,1630
33930,371,326,45
33931,5623,4762,861
33935,6229,4347,1882
33936,8130,5020,3110
33944,104,104,0
33945,0,0,0
33946,1184,1040,144
33947,4100,3470,630
33948,6826,5524,1302
33950,11210,9157,2053
33952,13739,9647,4092
33953,2986,2669,317
33954,3599,2843,756
33955,4376,3935,441
33956,1637,1457,180
33957,3678,3117,561
33960,329,289,40
33965,0,0,0
33966,4343,3065,1278
33967,8231,6082,2149
33971,7284,5014,2270
33972,4453,3025,1428
33973,3811,790,3021
33974,4580,2846,1734
33976,4614,2960,1654
33980,5796,4256,1540
33981,4530,3795,735
33982,4117,3440,677
33983,5849,4765,1084
33990,11404,7974,3430
33991,7484,5659,1825
33993,8056,6206,1850
34101,0,0,0
34102,5555,3925,1630
34103,6126,4810,1316
34104,10467,7250,3217
34105,7688,5359,2329
34108,8014,6461,1553
34109,11148,6824,4324
34110,10901,8431,2470
34112,12201,9177,3024
34113,8177,5611,2566
34114,7251,6074,1177
34116,9620,5092,4528
34117,4664,4314,350
34119,12767,9691,3076
34120,10156,8623,1533
34134,7139,6095,1044
34135,18232,14223,4009
34137,114,16,98
34138,119,119,0
34139,177,157,20
34140,144,100,44
34141,17,3,14
34142,6701,2727,3974
34145,8515,7310,1205
34201,1817,1691,126
34202,9193,7095,2098
34203,14093,10282,3811
34205,12686,7243,5443
34207,15023,8499,6524
34208,12339,6932,5407
34209,14484,10621,3863
34210,7262,4245,3017
34211,3191,2868,323
34212,6942,5605,1337
34215,262,221,41
34216,416,381,35
34217,2761,2041,720
34219,8349,7573,776
34221,15392,12091,3301
34222,5182,4015,1167
34223,8667,7098,1569
34224,7459,5957,1502
34228,3835,3555,280
34229,3407,2859,548
34231,14425,8907,5518
34232,13538,9236,4302
34233,7797,5911,1886
34234,8698,4566,4132
34235,6473,4954,1519
34236,7003,4251,2752
34237,6960,3552,3408
34238,9886,7465,2421
34239,6912,4864,2048
34240,3954,3704,250
34241,5727,4962,765
34242,3860,3293,567
34243,13399,9926,3473
34251,1815,1678,137
34266,10053,6695,3358
34268,80,51,29
34269,1863,1637,226
34275,9229,7491,1738
34285,9741,7412,2329
34286,6264,5130,1134
34287,11122,8100,3022
34288,4419,3569,850
34289,1563,572,991
34291,2126,1767,359
34292,7814,6046,1768
34293,17457,14773,2684
34420,6561,4754,1807
34428,4025,3049,976
34429,3765,3163,602
34431,3473,2903,570
34432,5505,4640,865
34433,2725,2403,322
34434,2961,2403,558
34436,3591,2966,625
34442,6535,5780,755
34445,0,0,0
34446,7632,6782,850
34448,4780,3739,1041
34449,1388,942,446
34450,5072,3685,1387
34452,4933,3942,991
34453,4418,3478,940
34461,4232,3325,907
34465,7929,6299,1630
34470,7924,4644,3280
34471,9586,6311,3275
34472,10499,7569,2930
34473,6742,5221,1521
34474,6730,3187,3543
34475,4068,1969,2099
34476,9693,8665,1028
34479,5128,3616,1512
34480,6679,4806,1873
34481,9769,8825,944
34482,7479,5772,1707
34484,1548,947,601
34488,4139,3208,931
34491,11817,10342,1475
34498,279,210,69
34601,9267,6436,2831
34602,2614,2121,493
34604,3989,3382,607
34606,11723,8819,2904
34607,4043,3317,726
34608,13208,9366,3842
34609,15419,12301,3118
34610,5051,4020,1031
34613,8142,6968,1174
34614,2596,2346,250
34637,2118,1796,322
34638,8484,6868,1616
34639,9606,7791,1815
34652,10538,6521,4017
34653,14609,8941,5668
34654,8854,6728,2126
34655,16595,13116,3479
34661,42,34,8
34667,15450,11073,4377
34668,19363,11857,7506
34669,4990,4071,919
34677,8810,6321,2489
34679,53,36,17
34681,355,355,0
34683,13367,10078,3289
34684,13167,8758,4409
34685,7295,5481,1814
34688,2839,2536,303
34689,10624,7526,3098
34690,5394,3428,1966
34691,8575,5700,2875
34695,7295,5935,1360
34698,18237,12155,6082
34705,896,686,210
34711,21224,16528,4696
34714,7266,3781,3485
34715,5669,3717,1952
34731,5682,4500,1182
34734,1363,1195,168
34736,6104,4994,1110
34737,979,810,169
34739,170,134,36
34741,15205,4535,10670
34743,11779,7552,4227
34744,15738,9678,6060
34746,12766,8455,4311
34747,7147,3370,3777
34748,17577,12666,4911
34753,1783,1430,353
34756,1238,1018,220
34758,10311,7065,3246
34759,11633,8679,2954
34760,290,223,67
34761,15349,10338,5011
34762,230,230,0
34769,8159,5278,2881
34771,5265,4689,576
34772,8659,7220,1439
34773,994,755,239
34785,13482,11715,1767
34786,13908,10026,3882
34787,21956,15547,6409
34788,7810,6520,1290
34797,421,406,15
34945,1438,1257,181
34946,2258,1488,770
34947,3991,1500,2491
34949,4048,3305,743
34950,5915,2439,3476
34951,6982,5938,1044
34952,16892,11559,5333
34953,21593,17509,4084
34956,2153,1433,720
34957,10772,8326,2446
34972,5663,3651,2012
34974,9779,7654,2125
34981,1805,1067,738
34982,10036,6912,3124
34983,13795,10723,3072
34984,5512,4511,1001
34986,11362,8692,2670
34987,3361,2413,948
34990,11919,10299,1620
34994,6961,4210,2751
34996,5598,4621,977
34997,17670,13629,4041
35004,4533,3544,989
35005,2663,1943,720
35006,1084,897,187
35007,8979,7232,1747
35010,8312,5640,2672
35013,15,8,7
35014,1698,1470,228
35016,6381,4786,1595
35019,820,640,180
35020,10018,5142,4876
35022,8137,6556,1581
35023,8333,6167,2166
35031,2845,2014,831
35032,17,14,3
35033,1233,1049,184
35034,1081,773,308
35035,389,389,0
35036,129,28,101
35040,6275,5139,1136
35042,2211,1589,622
35043,3671,3440,231
35044,2994,1848,1146
35045,5748,4113,1635
35046,1935,1532,403
35049,1288,1088,200
35051,3102,2415,687
35052,19,0,19
35053,924,840,84
35054,1655,1450,205
35055,7837,4881,2956
35057,4773,3915,858
35058,3577,2674,903
35060,161,138,23
35061,417,270,147
35062,2928,2511,417
35063,1303,1179,124
35064,4514,2616,1898
35068,3315,2261,1054
35070,94,68,26
35071,6316,5034,1282
35072,1855,1521,334
35073,956,760,196
35074,0,0,0
35077,4951,3711,1240
35078,722,598,124
35079,3197,2935,262
35080,6261,5730,531
35082,0,0,0
35083,1294,1009,285
35085,3270,2551,719
35087,956,560,396
35089,793,653,140
35091,1028,945,83
35094,5571,4343,1228
35096,2988,2409,579
35097,648,541,107
35098,451,438,13
35111,6044,5193,851
35112,136,122,14
35114,3075,2619,456
35115,5405,3670,1735
35116,1718,1410,308
35117,2019,1806,213
35118,1110,914,196
35119,78,51,27
35120,5009,4165,844
35121,5710,3840,1870
35124,9292,7699,1593
35125,4405,2822,1583
35126,7600,6383,1217
35127,3745,3306,439
35128,4291,3104,1187
35130,1232,956,276
35131,1507,1135,372
35133,1366,1274,92
35135,792,581,211
35136,786,638,148
35139,77,71,6
35143,1236,1139,97
35146,3616,3243,373
35147,2177,1888,289
35148,995,686,309
35149,181,141,40
35150,6971,4455,2516
35151,2838,2435,403
35160,10087,6654,3433
35171,1316,1091,225
35172,1226,797,429
35173,9430,8508,922
35175,2008,1720,288
35176,349,234,115
35178,1331,1163,168
35179,3310,2749,561
35180,5164,4444,720
35183,310,297,13
35184,1652,1276,376
35186,2013,1699,314
35187,3,3,0
35188,1110,882,228
35203,1574,294,1280
35204,4397,1506,2891
35205,9489,2601,6888
35206,6722,3458,3264
35207,3514,1977,1537
35208,5426,2806,2620
35209,12335,5847,6488
35210,5961,4026,1935
35211,11437,5222,6215
35212,4859,2169,2690
35213,5559,4230,1329
35214,7307,5258,2049
35215,18078,9897,8181
35216,15117,8097,7020
35217,4889,2731,2158
35218,2928,1210,1718
35221,1828,1206,622
35222,4077,2254,1823
35223,4152,3568,584
35224,2079,1296,783
35226,13344,10552,2792
35228,4083,2490,1593
35229,0,0,0
35233,864,119,745
35234,1977,925,1052
35235,8191,5683,2508
35242,21757,15215,6542
35243,7724,4708,3016
35244,12609,8636,3973
35254,189,63,126
35401,11118,3740,7378
35404,8105,4145,3960
35405,17060,9691,7369
35406,6576,5152,1424
35441,403,351,52
35442,1857,1356,501
35443,611,360,251
35444,1415,1121,294
35446,730,602,128
35447,1146,838,308
35452,1104,910,194
35453,3785,3205,580
35456,1172,982,190
35457,0,0,0
35458,174,133,41
35459,444,361,83
35460,362,274,88
35461,849,771,78
35462,1771,1176,595
35463,704,615,89
35464,268,143,125
35466,2165,1655,510
35469,66,34,32
35470,1753,901,852
35473,6104,4099,2005
35474,2238,1841,397
35475,5398,4755,643
35476,2829,1357,1472
35477,53,53,0
35480,423,359,64
35481,1457,970,487
35490,1358,1017,341
35501,3693,2249,1444
35503,3473,2639,834
35504,5076,3927,1149
35540,1041,777,264
35541,1444,1308,136
35542,461,431,30
35543,441,316,125
35544,240,168,72
35545,59,52,7
35546,1484,1266,218
35548,707,549,158
35549,1438,995,443
35550,2367,1833,534
35552,332,311,21
35553,1596,1320,276
35554,462,374,88
35555,3869,2788,1081
35559,6,6,0
35563,1837,1357,480
35564,925,730,195
35565,5321,4147,1174
35570,4742,3389,1353
35571,351,288,63
35572,508,467,41
35574,743,640,103
35575,433,342,91
35576,1377,1039,338
35577,6,6,0
35578,2190,1900,290
35579,1367,1073,294
35580,1383,1150,233
35581,2019,1553,466
35582,1649,1184,465
35584,134,120,14
35585,515,383,132
35586,1824,1375,449
35587,299,289,10
35592,1899,1398,501
35593,650,541,109
35594,2738,2019,719
35601,12393,7515,4878
35603,13050,9068,3982
35610,785,616,169
35611,9678,5977,3701
35613,7621,6805,816
35614,2743,2091,652
35615,109,91,18
35616,1605,1309,296
35618,849,558,291
35619,1694,1435,259
35620,3240,2629,611
35621,1253,1073,180
35622,2655,2190,465
35630,14890,6654,8236
35633,8260,6980,1280
35634,3972,3482,490
35640,9210,7385,1825
35643,1465,1344,121
35645,5322,4506,816
35646,1857,1410,447
35647,409,336,73
35648,1256,1030,226
35649,34,34,0
35650,5265,3956,1309
35651,461,347,114
35652,3514,2729,785
35653,3667,2366,1301
35654,2865,1977,888
35660,4045,2370,1675
35661,6744,5314,1430
35670,2570,2113,457
35671,899,596,303
35672,2353,1902,451
35673,2726,2286,440
35674,7070,5066,2004
35677,744,589,155
35739,1956,1514,442
35740,1435,966,469
35741,1323,998,325
35744,788,653,135
35745,84,69,15
35746,259,229,30
35747,2139,1584,555
35748,2700,2231,469
35749,8088,6913,1175
35750,4918,3876,1042
35751,85,64,21
35752,966,809,157
35754,1816,1403,413
35755,259,179,80
35756,4890,4401,489
35757,5895,5073,822
35758,18208,12111,6097
35759,2942,2706,236
35760,1893,1485,408
35761,4894,4303,591
35763,6519,6066,453
35764,203,172,31
35765,1483,1158,325
35766,55,41,14
35768,4497,3034,1463
35769,4020,3008,1012
35771,1387,974,413
35772,1789,1235,554
35773,4807,3715,1092
35774,82,75,7
35775,417,332,85
35776,1334,1100,234
35801,9839,6604,3235
35802,10128,5966,4162
35803,11125,8968,2157
35805,9180,2861,6319
35806,10343,4873,5470
35808,330,5,325
35810,11387,7311,4076
35811,10837,8650,2187
35816,6517,1419,5098
35824,3750,1945,1805
35896,0,0,0
35901,7540,4866,2674
35903,6503,4075,2428
35904,5258,4199,1059
35905,2401,1915,486
35906,4149,2620,1529
35907,3247,2798,449
35950,7424,4684,2740
35951,4338,2951,1387
35952,2691,2121,570
35953,2657,2166,491
35954,4359,3221,1138
35956,3256,2679,577
35957,5705,3571,2134
35958,1545,1152,393
35959,1995,1538,457
35960,4158,3227,931
35961,2489,1683,806
35962,3141,2219,922
35963,481,360,121
35966,1470,1099,371
35967,6177,4187,1990
35968,1571,1165,406
35971,1949,1431,518
35972,415,330,85
35973,1185,1041,144
35974,641,334,307
35975,172,142,30
35976,6825,5126,1699
35978,1830,1508,322
35979,678,516,162
35980,1735,1350,385
35981,673,485,188
35983,1473,1142,331
35984,764,619,145
35986,3142,2224,918
35987,969,751,218
35988,751,545,206
35989,1329,1043,286
35990,30,14,16
36003,913,694,219
36005,502,421,81
36006,423,359,64
36009,922,674,248
36010,1656,1178,478
36013,225,206,19
36016,1439,935,504
36017,649,447,202
36020,364,278,86
36022,4385,3833,552
36024,2011,1583,428
36025,1388,892,496
36026,437,313,124
36027,6111,3431,2680
36028,693,583,110
36029,345,307,38
36030,190,156,34
36031,84,79,5
36032,889,652,237
36033,1381,978,403
36034,330,296,34
36035,563,484,79
36036,766,640,126
36037,4489,3019,1470
36038,18,18,0
36039,75,56,19
36040,1474,925,549
36041,455,405,50
36042,579,511,68
36043,1445,1170,275
36046,576,548,28
36047,470,382,88
36048,513,394,119
36049,2206,1480,726
36051,832,665,167
36052,157,144,13
36053,703,497,206
36054,5823,4060,1763
36064,3559,3277,282
36066,7950,4834,3116
36067,10351,7910,2441
36069,863,749,114
36071,155,114,41
36075,880,634,246
36078,4857,3458,1399
36079,3299,2444,855
36080,791,724,67
36081,6180,2815,3365
36082,0,0,0
36083,3428,2189,1239
36088,1303,551,752
36089,2645,1949,696
36091,1451,1115,336
36092,7441,5306,2135
36093,3896,3495,401
36104,2888,914,1974
36105,3996,2516,1480
36106,6245,3526,2719
36107,3101,1336,1765
36108,7520,4275,3245
36109,10118,7253,2865
36110,4320,2283,2037
36111,4841,2712,2129
36112,0,0,0
36113,274,0,274
36115,269,0,269
36116,17198,8611,8587
36117,22287,13151,9136
36201,7234,4351,2883
36203,6970,4700,2270
36205,202,126,76
36206,4486,3323,1163
36207,8288,5871,2417
36250,1788,1494,294
36251,1905,1311,594
36255,355,318,37
36256,652,550,102
36258,558,451,107
36260,1581,1168,413
36262,507,395,112
36263,218,118,100
36264,3306,2412,894
36265,7697,4651,3046
36266,1975,1302,673
36267,12,12,0
36268,2362,1991,371
36269,482,388,94
36271,2283,1896,387
36272,5331,4248,1083
36273,1249,981,268
36274,4350,3124,1226
36276,892,675,217
36277,1993,1534,459
36278,1863,1362,501
36279,961,901,60
36280,1461,1149,312
36301,14049,8595,5454
36303,11678,6941,4737
36305,6128,4222,1906
36310,2566,2073,493
36311,1098,943,155
36312,2266,1741,525
36313,90,67,23
36314,199,179,20
36316,739,613,126
36317,248,201,47
36318,581,472,109
36319,806,621,185
36320,1351,1098,253
36321,620,481,139
36322,3463,1962,1501
36323,2921,2062,859
36330,14119,8567,5552
36340,2308,1487,821
36343,505,456,49
36344,2179,1502,677
36345,3223,2602,621
36346,552,427,125
36350,2696,1647,1049
36351,1386,1032,354
36352,1875,1497,378
36353,672,593,79
36360,7664,5011,2653
36362,1246,0,1246
36370,352,282,70
36371,273,198,75
36373,182,167,15
36374,339,309,30
36375,2766,2031,735
36376,826,687,139
36401,2939,2143,796
36420,4109,2889,1220
36421,3940,2998,942
36425,433,319,114
36426,6090,4188,1902
36432,749,603,146
36435,134,122,12
36436,203,162,41
36439,241,151,90
36441,1509,1167,342
36442,1211,856,355
36444,335,212,123
36445,1766,1174,592
36446,153,105,48
36451,1811,1302,509
36453,950,683,267
36454,17,17,0
36455,111,86,25
36456,507,384,123
36460,3663,2085,1578
36467,4002,2836,1166
36470,77,22,55
36471,441,244,197
36473,7,7,0
36474,1250,1103,147
36475,893,685,208
36476,9,8,1
36477,1624,1113,511
36480,612,407,205
36481,137,58,79
36482,281,259,22
36483,172,167,5
36502,5965,3991,1974
36505,607,445,162
36507,7287,5009,2278
36509,625,378,247
36511,250,215,35
36512,25,25,0
36513,252,153,99
36518,992,778,214
36521,2021,1760,261
36522,2567,1804,763
36523,1044,713,331
36524,482,413,69
36525,701,466,235
36526,12665,9319,3346
36527,5620,4026,1594
36528,551,484,67
36529,103,103,0
36530,2721,2147,574
36532,12248,9819,2429
36535,11973,8205,3768
36538,178,178,0
36539,289,235,54
36540,213,158,55
36541,5112,4596,516
36542,6706,4026,2680
36543,62,62,0
36544,4057,3084,973
36545,3631,2428,1203
36548,420,378,42
36549,2093,1910,183
36550,186,142,44
36551,3043,2465,578
36553,1062,999,63
36555,358,316,42
36556,235,143,92
36558,1298,1157,141
36559,50,33,17
36560,1316,959,357
36561,2982,2274,708
36562,450,426,24
36564,41,41,0
36567,4981,3552,1429
36568,58,58,0
36569,257,215,42
36571,5249,3834,1415
36572,2262,1899,363
36574,365,332,33
36575,7391,5974,1417
36576,1613,1196,417
36578,465,430,35
36579,470,389,81
36580,1874,1428,446
36581,57,43,14
36582,8917,6625,2292
36583,295,244,51
36584,275,233,42
36585,299,244,55
36587,3193,2864,329
36590,0,0,0
36602,649,103,546
36603,2733,991,1742
36604,4036,2245,1791
36605,10079,5777,4302
36606,7921,3995,3926
36607,2593,1347,1246
36608,14876,8063,6813
36609,11352,5097,6255
36610,4100,2084,2016
36611,2049,1124,925
36612,1660,782,878
36613,4282,3357,925
36615,0,0,0
36616,8,0,8
36617,5053,2771,2282
36618,6596,5262,1334
36619,5725,4510,1215
36688,0,0,0
36693,7893,5136,2757
36695,18736,12650,6086
36701,8832,5299,3533
36703,5224,2689,2535
36720,340,246,94
36722,141,84,57
36723,82,40,42
36726,1709,1009,700
36727,6,6,0
36728,136,106,30
36732,3258,1953,1305
36736,394,351,43
36738,250,228,22
36740,433,363,70
36742,735,589,146
36744,2619,1561,1058
36748,1215,853,362
36749,297,251,46
36750,988,722,266
36751,216,170,46
36752,498,448,50
36753,8,0,8
36754,170,120,50
36756,1723,1222,501
36758,517,427,90
36759,725,609,116
36761,378,291,87
36763,71,57,14
36765,518,453,65
36766,16,11,5
36767,686,496,190
36768,347,278,69
36769,967,634,333
36773,186,99,87
36775,352,282,70
36776,550,442,108
36782,992,859,133
36783,342,286,56
36784,2856,1712,1144
36785,532,407,125
36786,1024,735,289
36790,118,83,35
36792,453,375,78
36793,98,85,13
36801,9963,5851,4112
36804,6861,5290,1571
36830,15294,7706,7588
36832,9834,3877,5957
36849,0,0,0
36850,1049,854,195
36852,826,625,201
36853,3258,2599,659
36854,6078,3929,2149
36855,578,470,108
36856,2427,2017,410
36858,138,113,25
36859,8,8,0
36860,696,541,155
36861,1300,1098,202
36862,2469,1656,813
36863,4774,3317,1457
36865,13,13,0
36866,1698,1367,331
36867,9394,4746,4648
36869,8060,4692,3368
36870,7443,5375,2068
36871,539,439,100
36874,3029,2606,423
36875,1462,1100,362
36877,4803,3338,1465
36879,742,630,112
36901,182,110,72
36904,1526,1080,446
36907,702,576,126
36908,795,713,82
36910,11,0,11
36912,911,683,228
36913,9,9,0
36915,282,170,112
36916,376,323,53
36919,725,604,121
36921,373,355,18
36922,214,183,31
36925,1257,849,408
37010,1652,1410,242
37012,988,757,231
37013,35376,19056,16320
37014,955,905,50
37015,6526,4758,1768
37016,439,355,84
37018,857,673,184
37019,255,212,43
37020,2013,1651,362
37022,2163,1830,333
37023,535,421,114
37025,2043,1762,281
37026,892,677,215
37027,19468,16466,3002
37028,402,342,60
37029,2463,2187,276
37030,2920,1894,1026
37031,1607,1463,144
37032,1606,1234,372
37033,2983,2141,842
37034,2776,2325,451
37035,1366,1183,183
37036,2177,1633,544
37037,2673,2300,373
37040,17844,10205,7639
37042,27938,14817,13121
37043,17971,12445,5526
37046,1764,1581,183
37047,827,668,159
37048,2334,1978,356
37049,1355,1059,296
37050,549,443,106
37051,1382,1195,187
37052,1020,851,169
37055,10071,6641,3430
37057,345,227,118
37058,2958,2037,921
37059,512,383,129
37060,870,736,134
37061,1640,1259,381
37062,4076,3224,852
37064,20633,16185,4448
37066,18699,12600,6099
37067,11337,6897,4440
37069,7014,6215,799
37072,12681,8685,3996
37073,5321,4031,1290
37074,2749,2009,740
37075,24276,17632,6644
37076,16693,9418,7275
37078,223,157,66
37079,899,617,282
37080,2979,2296,683
37082,2404,1944,460
37083,5814,4265,1549
37085,1945,1596,349
37086,10750,7553,3197
37087,17006,11519,5487
37090,5597,4280,1317
37091,8536,5613,2923
37095,927,615,312
37096,2354,1883,471
37097,950,749,201
37098,2185,1930,255
37101,2312,1739,573
37110,13028,8695,4333
37115,16652,7084,9568
37118,338,252,86
37122,20899,17218,3681
37127,6465,4993,1472
37128,18737,12715,6022
37129,20608,14578,6030
37130,21893,9693,12200
37132,0,0,0
37134,1084,884,200
37135,3997,3707,290
37137,1161,1060,101
37138,9402,7162,2240
37140,25,25,0
37141,446,353,93
37142,718,558,160
37143,1519,1293,226
37144,1116,947,169
37145,825,660,165
37146,2490,1971,519
37148,8335,6144,2191
37149,991,851,140
37150,1978,1473,505
37151,174,142,32
37153,2189,1961,228
37160,12031,7562,4469
37165,23,15,8
37166,5289,3406,1883
37167,21274,13777,7497
37171,253,253,0
37172,10796,7515,3281
37174,11703,9175,2528
37175,392,340,52
37178,822,665,157
37179,4902,4324,578
37180,1297,1014,283
37181,628,479,149
37183,1236,996,240
37184,2259,1838,421
37185,3351,2568,783
37186,3429,2514,915
37187,2648,1999,649
37188,5517,4696,821
37189,1387,1112,275
37190,3407,2508,899
37191,1404,1162,242
37201,437,204,233
37203,7694,1602,6092
37204,5789,3293,2496
37205,10983,7767,3216
37206,11013,5569,5444
37207,14421,8359,6062
37208,7401,2529,4872
37209,15576,7245,8331
37210,7053,2112,4941
37211,30080,14504,15576
37212,6967,2655,4312
37213,11,0,11
37214,13822,8179,5643
37215,9956,7754,2202
37216,8050,5418,2632
37217,12857,5325,7532
37218,5445,3678,1767
37219,811,233,578
37220,2302,2095,207
37221,17260,11954,5306
37228,763,21,742
37240,0,0,0
37243,0,0,0
37246,0,0,0
37301,438,369,69
37302,1797,1391,406
37303,9644,6610,3034
37305,318,265,53
37306,887,760,127
37307,1999,1494,505
37308,1137,1017,120
37309,881,651,230
37310,1788,1575,213
37311,10411,4857,5554
37312,13195,8435,4760
37313,508,402,106
37315,0,0,0
37317,1174,765,409
37318,745,511,234
37321,7079,4809,2270
37322,3370,2708,662
37323,12129,9376,2753
37324,2236,1323,913
37325,682,562,120
37326,158,85,73
37327,4396,3292,1104
37328,568,438,130
37329,2232,1828,404
37330,2930,2424,506
37331,2973,2125,848
37332,897,730,167
37333,228,202,26
37334,9376,6529,2847
37335,1040,829,211
37336,1655,1447,208
37337,657,500,157
37338,1333,900,433
37339,837,712,125
37340,245,183,62
37341,4295,3527,768
37342,1402,1133,269
37343,16790,12908,3882
37345,881,658,223
37347,3281,2551,730
37348,351,253,98
37350,749,679,70
37351,140,32,108
37352,1266,1044,222
37353,1894,1503,391
37354,6921,5234,1687
37355,10214,6955,3259
37356,903,577,326
37357,2007,1668,339
37359,324,286,38
37360,565,510,55
37361,610,468,142
37362,1403,1031,372
37363,14644,11234,3410
37365,375,326,49
37366,332,288,44
37367,3924,2853,1071
37369,417,382,35
37370,1915,1599,316
37373,1094,922,172
37374,907,798,109
37375,1068,812,256
37376,164,146,18
37377,5616,4695,921
37379,11151,9183,1968
37380,2634,1688,946
37381,3718,2859,859
37385,3112,2678,434
37387,1314,968,346
37388,10680,6995,3685
37391,629,545,84
37394,35,25,10
37396,59,46,13
37397,3773,2867,906
37398,6034,4393,1641
37402,2182,96,2086
37403,1356,419,937
37404,5057,2356,2701
37405,7360,4045,3315
37406,5683,2582,3101
37407,3430,1148,2282
37408,849,332,517
37409,1101,747,354
37410,1571,444,1127
37411,7208,4409,2799
37412,8720,4722,3998
37415,10804,6151,4653
37416,6408,4027,2381
37419,2645,1951,694
37421,19734,11357,8377
37601,15302,8617,6685
37604,16450,8367,8083
37614,0,0,0
37615,9116,6354,2762
37616,2040,1762,278
37617,5438,4625,813
37618,5319,4134,1185
37620,16500,11903,4597
37640,1534,1200,334
37641,3808,3081,727
37642,6249,4829,1420
37643,13930,9668,4262
37645,2007,1462,545
37650,5070,3547,1523
37656,1663,1334,329
37657,422,324,98
37658,1868,1399,469
37659,11135,9062,2073
37660,17472,10612,6860
37663,6090,4829,1261
37664,11436,8278,3158
37665,2488,1516,972
37680,178,112,66
37681,2516,1892,624
37682,69,27,42
37683,4896,3843,1053
37686,3301,2625,676
37687,1943,1691,252
37688,460,383,77
37690,1515,1363,152
37691,263,162,101
37692,2003,1464,539
37694,803,594,209
37701,3190,2245,945
37705,1626,1320,306
37708,2651,2170,481
37709,1597,1175,422
37710,385,360,25
37711,1983,1432,551
37713,612,413,199
37714,1722,1181,541
37715,301,244,57
37716,10735,7354,3381
37719,67,28,39
37721,4979,4192,787
37722,2355,1858,497
37723,366,318,48
37724,1163,661,502
37725,6586,5371,1215
37726,801,679,122
37727,917,760,157
37729,610,520,90
37730,0,0,0
37731,247,247,0
37732,104,68,36
37733,40,40,0
37737,2322,2021,301
37738,2400,1541,859
37742,2350,1998,352
37743,9962,7291,2671
37745,7063,4504,2559
37748,6914,5024,1890
37752,2422,1876,546
37753,298,194,104
37754,1934,1632,302
37755,1322,805,517
37756,1227,879,348
37757,3717,2687,1030
37760,4520,2670,1850
37762,1291,782,509
37763,6168,4988,1180
37764,3474,2550,924
37765,194,189,5
37766,7622,5241,2381
37769,2188,1468,720
37770,999,854,145
37771,6042,3934,2108
37772,4936,3985,951
37774,7765,6476,1289
37777,4952,3114,1838
37779,1274,939,335
37801,10727,7283,3444
37803,12375,10080,2295
37804,9277,6854,2423
37806,1153,838,315
37807,3700,2659,1041
37809,862,728,134
37810,649,535,114
37811,1510,1301,209
37813,6816,4454,2362
37814,13024,8056,4968
37818,2181,1552,629
37819,292,191,101
37820,2973,2372,601
37821,8739,5435,3304
37825,3784,2563,1221
37826,1962,1633,329
37828,532,396,136
37829,741,642,99
37830,12289,7660,4629
37840,3976,3118,858
37841,3833,2561,1272
37843,1650,1339,311
37845,244,122,122
37846,1791,1419,372
37847,953,776,177
37848,103,91,12
37849,10048,8044,2004
37851,22,22,0
37852,978,783,195
37853,1528,1111,417
37854,5119,3917,1202
37857,8047,5979,2068
37860,1567,1206,361
37861,3238,2458,780
37862,8655,4853,3802
37863,2750,1481,1269
37865,8349,6622,1727
37866,638,537,101
37869,2069,1559,510
37870,2057,1503,554
37871,3729,2657,1072
37872,664,523,141
37873,1818,1328,490
37874,5385,3702,1683
37876,12434,9365,3069
37877,3385,2888,497
37878,192,187,5
37879,4385,3164,1221
37880,1264,1012,252
37881,862,752,110
37882,1176,964,212
37885,2464,2005,459
37886,1729,1360,369
37887,1898,1297,601
37888,1142,984,158
37890,2820,2080,740
37891,1308,999,309
37892,804,570,234
37902,1431,302,1129
37909,7195,2739,4456
37912,10201,4990,5211
37914,8475,5464,3011
37915,2616,436,2180
37916,2584,51,2533
37917,11127,5178,5949
37918,17456,12168,5288
37919,13064,7079,5985
37920,17040,10632,6408
37921,10495,6355,4140
37922,13198,11039,2159
37923,12899,7278,5621
37924,4782,3658,1124
37931,11266,8299,2967
37932,6904,5072,1832
37934,9788,8680,1108
37938,6441,5703,738
38001,1707,1138,569
38002,13036,11151,1885
38004,3458,2964,494
38006,1799,1124,675
38007,23,23,0
38008,3497,2372,1125
38011,3416,2704,712
38012,5558,3124,2434
38015,868,583,285
38016,18646,9524,9122
38017,18871,14723,4148
38018,13646,8743,4903
38019,6181,3487,2694
38021,16,16,0
38023,1901,1350,551
38024,11088,6422,4666
38028,2649,2464,185
38029,0,0,0
38030,215,83,132
38034,1075,784,291
38036,186,19,167
38037,630,466,164
38039,595,457,138
38040,1980,1228,752
38041,1056,612,444
38042,357,203,154
38044,312,266,46
38046,29,19,10
38047,37,28,9
38049,1475,1147,328
38050,197,137,60
38052,1648,1225,423
38053,10101,6854,3247
38054,41,0,41
38057,1428,1078,350
38058,3481,2402,1079
38059,3002,2299,703
38060,3860,3517,343
38061,255,230,25
38063,6651,3692,2959
38066,1113,896,217
38067,580,527,53
38068,4152,2817,1335
38069,921,714,207
38070,127,101,26
38075,1265,941,324
38076,344,283,61
38077,50,31,19
38079,1225,691,534
38080,1149,731,418
38103,7123,2103,5020
38104,12323,4180,8143
38105,3178,383,2795
38106,9241,4440,4801
38107,6686,2939,3747
38108,6421,2685,3736
38109,16523,10120,6403
38111,17029,7783,9246
38112,6499,3143,3356
38114,10013,4396,5617
38115,16969,3671,13298
38116,14577,7196,7381
38117,10739,8592,2147
38118,12911,5979,6932
38119,9767,5268,4499
38120,6331,4586,1745
38122,9094,4610,4484
38125,13934,8592,5342
38126,2086,290,1796
38127,14338,6654,7684
38128,15737,6694,9043
38131,0,0,0
38132,0,0,0
38133,7537,5601,1936
38134,15190,7182,8008
38135,10501,8669,1832
38138,9877,7911,1966
38139,5542,5298,244
38141,7629,5237,2392
38152,0,0,0
38201,4160,3005,1155
38220,770,587,183
38221,1353,1181,172
38222,1202,1002,200
38224,288,236,52
38225,2366,1738,628
38226,130,130,0
38229,1206,894,312
38230,1620,1221,399
38231,687,569,118
38232,770,608,162
38233,1123,874,249
38235,150,109,41
38236,246,215,31
38237,6231,3560,2671
38240,993,716,277
38241,380,326,54
38242,8404,6053,2351
38251,1107,813,294
38253,364,293,71
38254,19,14,5
38255,998,603,395
38256,1320,1215,105
38257,1881,1385,496
38258,590,371,219
38259,275,184,91
38260,1503,1122,381
38261,6682,4121,2561
38301,13147,6829,6318
38305,20021,12777,7244
38310,2311,1827,484
38311,369,336,33
38313,1136,1006,130
38315,1327,1053,274
38316,1151,926,225
38317,979,735,244
38318,147,72,75
38320,4495,3215,1280
38321,914,694,220
38326,1194,914,280
38327,168,125,43
38328,229,189,40
38329,1330,1034,296
38330,1753,1286,467
38332,457,433,24
38333,93,86,7
38334,770,687,83
38337,498,403,95
38339,298,207,91
38340,4510,3287,1223
38341,939,767,172
38342,583,436,147
38343,6268,4298,1970
38344,3076,2321,755
38345,807,646,161
38347,120,31,89
38348,369,294,75
38351,6782,4841,1941
38352,246,199,47
38355,2322,1732,590
38356,1062,879,183
38357,1084,804,280
38358,4506,3323,1183
38359,167,133,34
38361,409,345,64
38362,436,335,101
38363,2249,1659,590
38365,10,0,10
38366,701,590,111
38367,1195,903,292
38368,807,623,184
38369,656,508,148
38370,313,241,72
38371,384,314,70
38372,6740,4685,2055
38374,833,605,228
38375,3523,2277,1246
38376,67,56,11
38379,523,399,124
38380,231,188,43
38381,538,343,195
38382,3672,2340,1332
38387,113,98,15
38388,709,586,123
38390,397,347,50
38391,424,297,127
38392,236,236,0
38401,22332,14580,7752
38425,773,625,148
38449,1008,759,249
38450,1171,930,241
38451,1627,1371,256
38452,490,449,41
38453,136,136,0
38454,393,314,79
38455,68,64,4
38456,1389,1132,257
38457,289,228,61
38459,168,154,14
38460,461,332,129
38461,496,411,85
38462,3912,2998,914
38463,1046,870,176
38464,9049,6231,2818
38468,1986,1680,306
38469,1564,1252,312
38471,162,141,21
38472,1225,1048,177
38473,408,302,106
38474,3023,2179,844
38475,192,166,26
38476,440,376,64
38477,1162,984,178
38478,6943,4419,2524
38481,420,341,79
38482,624,527,97
38483,2107,1636,471
38485,2506,1919,587
38486,316,268,48
38487,449,304,145
38488,1017,839,178
38501,16947,8394,8553
38504,393,393,0
38505,0,0,0
38506,11393,8859,2534
38541,671,613,58
38542,8,0,8
38543,245,188,57
38544,2810,2189,621
38545,641,428,213
38547,770,664,106
38548,299,217,82
38549,1601,1254,347
38551,1700,1171,529
38552,86,70,16
38553,1033,779,254
38554,424,333,91
38555,8133,4977,3156
38556,5067,3713,1354
38558,4594,4042,552
38559,472,398,74
38560,469,415,54
38562,2502,1945,557
38563,1260,911,349
38564,193,137,56
38565,456,447,9
38567,205,199,6
38568,861,655,206
38569,78,78,0
38570,3974,2847,1127
38571,5683,4544,1139
38572,4776,4252,524
38573,812,752,60
38574,3219,2308,911
38575,468,371,97
38577,542,376,166
38578,62,49,13
38579,339,268,71
38580,619,521,98
38581,1436,1269,167
38582,561,516,45
38583,8947,7267,1680
38585,1494,1187,307
38587,571,476,95
38588,334,255,79
38589,74,38,36
38601,847,678,169
38603,1218,967,251
38606,5659,4074,1585
38610,1027,748,279
38611,5818,4625,1193
38614,6605,3287,3318
38617,249,142,107
38618,4539,3501,1038
38619,2061,1230,831
38620,1246,1057,189
38621,574,352,222
38622,257,139,118
38623,92,71,21
38625,483,361,122
38626,537,347,190
38627,366,276,90
38629,730,510,220
38630,128,116,12
38631,475,223,252
38632,9507,8087,1420
38633,718,584,134
38635,5714,3884,1830
38637,9550,5589,3961
38639,414,195,219
38641,800,696,104
38642,807,718,89
38643,1000,407,593
38644,81,46,35
38645,519,290,229
38646,1165,840,325
38647,291,291,0
38650,1397,1064,333
38651,2680,2286,394
38652,5998,4142,1856
38654,18218,14806,3412
38655,16920,9942,6978
38658,780,720,60
38659,1012,798,214
38661,758,688,70
38663,4477,3101,1376
38664,1349,159,1190
38665,854,704,150
38666,2587,1948,639
38668,4986,3535,1451
38670,339,239,100
38671,13824,8252,5572
38672,4481,3943,538
38673,301,261,40
38674,339,339,0
38676,2183,1181,1002
38677,34,0,34
38680,2180,1419,761
38683,2163,1707,456
38685,516,506,10
38701,9047,4641,4406
38702,14,0,14
38703,4662,2624,2038
38704,0,0,0
38720,282,199,83
38721,420,331,89
38722,142,85,57
38723,41,41,0
38725,283,161,122
38726,203,132,71
38730,827,614,213
38731,57,10,47
38732,6452,3360,3092
38736,164,132,32
38737,1102,552,550
38738,42,0,42
38740,113,80,33
38744,341,188,153
38745,46,16,30
38746,168,72,96
38748,1426,843,583
38749,9,3,6
38751,3911,2196,1715
38753,544,368,176
38754,549,345,204
38756,2387,1408,979
38759,347,262,85
38760,345,139,206
38761,787,445,342
38762,935,408,527
38764,127,74,53
38765,18,18,0
38767,13,13,0
38768,41,5,36
38769,701,310,391
38771,1032,492,540
38772,35,35,0
38773,1251,772,479
38774,760,421,339
38778,553,297,256
38781,97,42,55
38801,11520,6730,4790
38804,7047,3997,3050
38821,5181,3718,1463
38824,3026,2124,902
38826,1775,1413,362
38827,1303,998,305
38828,1581,1191,390
38829,6796,4935,1861
38833,1031,709,322
38834,11221,7662,3559
38838,416,320,96
38841,1050,766,284
38843,4360,3300,1060
38844,72,69,3
38846,920,784,136
38847,1291,1057,234
38848,261,247,14
38849,2161,1797,364
38850,1042,777,265
38851,2896,2088,808
38852,3669,2792,877
38855,1762,1382,380
38856,619,552,67
38857,1415,1215,200
38858,2559,1979,580
38859,342,298,44
38860,2346,1701,645
38862,918,784,134
38863,7163,4930,2233
38864,692,538,154
38865,1778,1472,306
38866,4334,3329,1005
38868,2009,1431,578
38869,169,103,66
38870,1015,764,251
38871,629,505,124
38873,1100,890,210
38876,595,449,146
38878,1051,771,280
38879,301,66,235
38901,7152,4616,2536
38913,160,139,21
38914,239,205,34
38915,1569,1116,453
38916,2058,1332,726
38917,1317,987,330
38920,283,213,70
38921,1592,1150,442
38922,1307,1057,250
38923,462,380,82
38924,280,163,117
38925,1303,963,340
38927,429,313,116
38928,99,53,46
38929,574,427,147
38930,8258,4303,3955
38940,630,543,87
38941,1413,543,870
38943,42,42,0
38944,174,127,47
38945,9,0,9
38946,92,64,28
38947,180,167,13
38948,972,790,182
38949,118,95,23
38950,210,180,30
38951,492,415,77
38952,165,106,59
38953,149,149,0
38954,370,262,108
38957,270,151,119
38958,0,0,0
38961,331,222,109
38962,45,25,20
38963,484,380,104
38964,33,21,12
38965,3519,2566,953
38966,348,185,163
38967,2929,2073,856
39038,2125,1222,903
39039,827,614,213
39040,1289,981,308
39041,1330,1091,239
39042,14027,11691,2336
39044,1374,1239,135
39045,564,505,59
39046,10060,6140,3920
39047,14691,12309,2382
39051,5966,4313,1653
39054,115,97,18
39056,9365,6346,3019
39057,783,606,177
39059,3979,3159,820
39061,0,0,0
39062,198,142,56
39063,1209,690,519
39066,1657,1262,395
39067,541,482,59
39069,1808,1167,641
39071,2132,1685,447
39073,7235,5879,1356
39074,5541,4076,1465
39078,315,279,36
39079,476,281,195
39082,394,358,36
39083,3530,2589,941
39086,450,392,58
39088,25,17,8
39090,4988,3102,1886
39092,1042,890,152
39094,1442,1185,257
39095,2605,1667,938
39096,461,241,220
39097,278,169,109
39108,619,544,75
39110,15315,14390,925
39111,3086,2256,830
39113,156,52,104
39114,3503,2947,556
39115,16,9,7
39116,765,636,129
39117,3978,2895,1083
39119,1932,1637,295
39120,11339,7052,4287
39140,999,706,293
39144,180,155,25
39145,1834,1464,370
39146,793,630,163
39149,652,615,37
39150,2128,1357,771
39152,486,395,91
39153,1382,1136,246
39154,3399,2814,585
39156,156,156,0
39157,10662,5074,5588
39159,1306,770,536
39160,1033,866,167
39162,29,24,5
39166,198,135,63
39167,0,0,0
39168,2595,2007,588
39169,962,415,547
39170,3796,3495,301
39174,117,58,59
39175,1697,1409,288
39176,763,533,230
39177,57,26,31
39179,417,312,105
39180,12832,8357,4475
39183,5778,3575,2203
39189,1297,1007,290
39191,2761,2409,352
39192,463,372,91
39193,0,0,0
39194,6147,3557,2590
39201,273,10,263
39202,3446,930,2516
39203,1892,900,992
39204,5918,2313,3605
39206,10002,4628,5374
39208,11407,7313,4094
39209,9744,4604,5140
39211,9917,6296,3621
39212,11441,7052,4389
39213,8373,4396,3977
39216,1730,824,906
39217,0,0,0
39218,2445,1516,929
39232,3436,1659,1777
39269,0,0,0
39272,4801,3563,1238
39301,10403,6157,4246
39305,8280,5581,2699
39307,6205,3761,2444
39309,0,0,0
39320,475,395,80
39322,483,483,0
39323,619,514,105
39325,2500,2191,309
39326,163,153,10
39327,1495,1098,397
39328,1894,1312,582
39330,999,913,86
39332,510,472,38
39335,1133,1110,23
39336,521,424,97
39337,748,686,62
39338,1294,1080,214
39339,5870,4214,1656
39341,2492,1696,796
39342,555,167,388
39345,2521,1886,635
39346,986,728,258
39347,724,567,157
39348,300,253,47
39350,9024,6395,2629
39352,216,204,12
39354,1005,855,150
39355,2675,2134,541
39356,237,182,55
39358,607,411,196
39359,139,88,51
39360,1367,1120,247
39361,540,446,94
39362,1310,1060,250
39363,558,384,174
39364,977,761,216
39365,2682,2095,587
39366,433,410,23
39367,5780,4607,1173
39401,16396,6811,9585
39402,15706,10149,5557
39406,0,0,0
39421,1100,895,205
39422,1876,1607,269
39423,1055,919,136
39425,854,610,244
39426,6453,5303,1150
39427,536,452,84
39428,3509,2686,823
39429,6205,4846,1359
39437,4527,3501,1026
39439,1685,1462,223
39440,7759,4410,3349
39443,8150,6545,1605
39451,1230,926,304
39452,8950,7299,1651
39455,3395,2629,766
39456,414,357,57
39459,1328,1026,302
39461,348,348,0
39462,464,352,112
39464,959,911,48
39465,7478,5593,1885
39466,10009,7156,2853
39470,4621,3941,680
39474,2252,1650,602
39475,4996,3710,1286
39476,2898,2495,403
39477,265,222,43
39478,843,656,187
39479,2058,1754,304
39480,1140,944,196
39481,602,497,105
39482,3806,3298,508
39483,2407,2087,320
39501,9263,3416,5847
39503,19844,12763,7081
39507,7449,3671,3778
39520,7781,5124,2657
39525,3497,2964,533
39530,3347,1378,1969
39531,7655,2251,5404
39532,13972,8584,5388
39534,0,0,0
39540,3754,1347,2407
39553,6040,3836,2204
39556,3276,2908,368
39560,7093,4458,2635
39561,888,678,210
39562,6280,5303,977
39563,5206,3700,1506
39564,14311,10324,3987
39565,6639,5620,1019
39567,3963,2409,1554
39571,5263,3994,1269
39572,496,475,21
39573,2931,2509,422
39574,5038,4434,604
39576,2365,1382,983
39577,3432,2352,1080
39581,4355,2082,2273
39601,8296,5882,2414
39629,2722,2249,473
39630,369,187,182
39631,1244,931,313
39633,462,392,70
39635,128,84,44
39638,1255,999,256
39641,1396,1241,155
39643,418,320,98
39645,2035,1751,284
39647,326,326,0
39648,7879,4463,3416
39652,2898,2352,546
39653,1000,784,216
39654,1971,1482,489
39656,267,229,38
39657,750,589,161
39661,1104,828,276
39662,602,538,64
39663,1149,741,408
39664,938,751,187
39665,537,488,49
39666,3548,2832,716
39667,4810,4354,456
39668,329,295,34
39669,1546,1329,217
39701,5119,2551,2568
39702,8408,5505,2903
39705,5506,2950,2556
39730,4248,3028,1220
39735,1436,989,447
39736,123,61,62
39737,58,58,0
39739,922,704,218
39740,2039,1624,415
39741,651,581,70
39743,608,510,98
39744,2154,1459,695
39745,263,239,24
39746,1245,1063,182
39747,796,646,150
39750,888,664,224
39751,523,466,57
39752,1164,1013,151
39755,327,304,23
39756,782,621,161
39759,16562,8128,8434
39760,11,11,0
39762,19,0,19
39766,1191,946,245
39767,307,257,50
39769,732,607,125
39771,38,33,5
39772,635,479,156
39773,6201,4111,2090
39776,626,513,113
39813,816,531,285
39815,658,425,233
39817,3724,1823,1901
39819,4129,2364,1765
39823,2993,1959,1034
39824,192,143,49
39825,496,270,226
39826,172,106,66
39827,1511,1028,483
39828,5181,3072,2109
39834,993,740,253
39836,110,78,32
39837,2471,1688,783
39840,1834,938,896
39841,327,270,57
39842,2902,1623,1279
39845,3006,2045,961
39846,775,514,261
39851,900,516,384
39854,942,686,256
39859,439,332,107
39861,514,298,216
39862,593,402,191
39866,167,128,39
39867,193,157,36
39870,828,529,299
39877,157,107,50
39885,40,26,14
39886,694,467,227
39897,1339,1062,277
40003,735,597,138
40004,11682,8781,2901
40006,1951,1445,506
40007,50,50,0
40008,1328,1058,270
40009,385,314,71
40010,168,118,50
40011,968,795,173
40012,177,147,30
40013,1950,1717,233
40014,6949,6017,932
40019,1566,881,685
40020,53,49,4
40022,348,340,8
40023,1888,1749,139
40025,20,20,0
40026,1955,1781,174
40031,7631,5837,1794
40033,5140,3534,1606
40036,92,56,36
40037,1036,894,142
40040,118,100,18
40041,282,66,216
40045,1500,1080,420
40046,624,616,8
40047,7653,6618,1035
40048,0,0,0
40049,0,0,0
40050,621,317,304
40051,1779,1280,499
40052,217,179,38
40055,714,566,148
40056,1256,1200,56
40057,1443,972,471
40058,43,30,13
40059,7107,6437,670
40060,428,330,98
40062,94,82,12
40063,0,0,0
40065,11168,7143,4025
40067,2064,1625,439
40068,729,632,97
40069,3291,2367,924
40070,194,194,0
40071,5627,4719,908
40075,461,312,149
40076,963,829,134
40077,164,154,10
40078,911,750,161
40104,427,341,86
40107,853,658,195
40108,4487,3521,966
40109,789,757,32
40110,22,0,22
40111,588,427,161
40115,210,198,12
40117,1002,739,263
40118,3562,2318,1244
40119,735,655,80
40121,2451,21,2430
40140,245,174,71
40142,846,714,132
40143,2302,1713,589
40144,597,497,100
40145,191,159,32
40146,1550,1118,432
40150,1533,1142,391
40152,393,393,0
40155,430,174,256
40157,324,269,55
40160,9082,4806,4276
40161,78,38,40
40162,2187,1834,353
40165,13167,10013,3154
40170,188,177,11
40171,102,92,10
40175,5289,3997,1292
40176,355,339,16
40177,613,429,184
40178,192,143,49
40202,2678,196,2482
40203,8683,1312,7371
40204,7151,3343,3808
40205,10479,7739,2740
40206,9691,4997,4694
40207,13727,9646,4081
40208,6015,1456,4559
40209,98,21,77
40210,5371,2158,3213
40211,8829,3462,5367
40212,6601,2865,3736
40213,6850,4047,2803
40214,17650,9041,8609
40215,7914,3318,4596
40216,16904,10835,6069
40217,5915,3680,2235
40218,13602,6683,6919
40219,15657,8723,6934
40220,14393,9282,5111
40222,9952,5757,4195
40223,9435,6937,2498
40228,6455,5499,956
40229,14175,10679,3496
40231,0,0,0
40241,12495,8805,3690
40242,4588,3223,1365
40243,4563,3133,1430
40245,12035,9994,2041
40258,10423,7613,2810
40272,14232,10752,3480
40280,101,40,61
40291,14708,11566,3142
40299,15813,12404,3409
40310,149,100,49
40311,2708,1933,775
40312,2134,1425,709
40313,1138,573,565
40316,147,147,0
40322,1258,990,268
40324,17706,11929,5777
40328,437,371,66
40330,7994,5640,2354
40334,13,13,0
40336,4866,3471,1395
40337,1973,1521,452
40339,0,0,0
40342,8490,6567,1923
40346,324,286,38
40347,1086,797,289
40348,236,132,104
40350,81,81,0
40351,7419,4548,2871
40353,8488,5448,3040
40356,16168,10245,5923
40358,355,338,17
40359,2502,1715,787
40360,2481,1572,909
40361,7459,4774,2685
40363,19,19,0
40370,1176,1040,136
40371,1239,1008,231
40372,748,642,106
40374,700,489,211
40376,31,31,0
40379,1336,986,350
40380,2611,1876,735
40383,9151,6424,2727
40385,1108,834,274
40387,861,728,133
40390,2332,1294,1038
40391,14273,9508,4765
40402,1101,755,346
40403,9131,6260,2871
40404,0,0,0
40409,1364,899,465
40419,1627,1358,269
40422,9142,5713,3429
40434,0,0,0
40437,2074,1742,332
40440,890,705,185
40442,526,348,178
40444,5717,4567,1150
40445,305,245,60
40447,3392,2421,971
40448,34,17,17
40456,3926,3030,896
40460,470,372,98
40461,1348,925,423
40464,552,538,14
40468,723,504,219
40472,689,550,139
40475,23016,12552,10464
40481,41,26,15
40484,4484,3357,1127
40486,937,814,123
40489,1598,1348,250
40502,12258,7035,5223
40503,12342,8344,3998
40504,11514,3879,7635
40505,10992,6257,4735
40506,0,0,0
40507,1271,235,1036
40508,9515,2316,7199
40509,16348,10035,6313
40510,340,269,71
40511,12374,7791,4583
40513,4207,3397,810
40514,5996,4847,1149
40515,14609,9234,5375
40516,1311,893,418
40517,16193,6028,10165
40601,21211,13288,7923
40604,0,0,0
40701,11587,7503,4084
40729,2015,1587,428
40734,1462,1043,419
40737,334,226,108
40740,1118,815,303
40741,9021,6003,3018
40743,89,65,24
40744,6663,4947,1716
40759,847,766,81
40763,185,128,57
40769,5994,3915,2079
40771,519,381,138
40801,195,187,8
40806,1049,636,413
40807,159,123,36
40808,24,24,0
40810,505,360,145
40813,178,124,54
40815,468,338,130
40816,15,0,15
40818,23,14,9
40819,227,204,23
40820,298,266,32
40823,1648,967,681
40824,162,63,99
40826,263,205,58
40827,374,266,108
40828,1286,975,311
40829,82,30,52
40830,82,73,9
40831,2186,1198,988
40840,95,95,0
40843,132,122,10
40844,58,28,30
40845,235,217,18
40847,142,142,0
40849,172,132,40
40854,443,229,214
40855,342,247,95
40856,285,250,35
40858,151,120,31
40862,205,190,15
40863,245,216,29
40865,185,128,57
40868,486,408,78
40870,148,141,7
40873,889,742,147
40874,207,165,42
40902,480,387,93
40903,189,134,55
40906,4517,2728,1789
40913,117,54,63
40914,103,46,57
40915,321,246,75
40921,112,81,31
40923,174,153,21
40927,130,102,28
40935,1163,829,334
40939,105,72,33
40940,196,169,27
40941,152,43,109
40943,250,178,72
40946,103,77,26
40949,311,227,84
40953,278,137,141
40958,147,96,51
40962,6568,4548,2020
40964,28,17,11
40965,5317,2908,2409
40972,496,349,147
40977,3913,2801,1112
40979,20,20,0
40982,133,112,21
40983,138,96,42
40988,195,104,91
40995,46,46,0
40997,144,91,53
41001,6147,5348,799
41002,970,699,271
41003,978,634,344
41004,1673,1218,455
41005,8536,6541,1995
41006,1610,1256,354
41007,1623,1396,227
41008,2665,1589,1076
41010,1366,1133,233
41011,11890,5011,6879
41014,2822,1255,1567
41015,8160,5413,2747
41016,2471,1625,846
41017,15284,11235,4049
41018,10421,6430,3991
41030,2240,1511,729
41031,6014,4161,1853
41033,659,629,30
41034,356,324,32
41035,4023,2796,1227
41039,1152,855,297
41040,2752,1839,913
41041,2935,1808,1127
41042,20475,13073,7402
41043,649,554,95
41044,374,310,64
41045,535,402,133
41046,377,329,48
41048,4821,4182,639
41049,883,689,194
41051,9848,8421,1427
41052,37,24,13
41055,776,647,129
41056,5524,3374,2150
41059,914,805,109
41062,0,0,0
41063,1224,1100,124
41064,775,584,191
41071,8751,4155,4596
41073,2560,1808,752
41074,2138,1249,889
41075,6636,4587,2049
41076,7173,5438,1735
41080,700,627,73
41083,480,366,114
41085,318,200,118
41086,1016,869,147
41091,6717,6157,560
41092,1211,1062,149
41093,1141,919,222
41094,5361,3990,1371
41095,1343,751,592
41097,2399,1592,807
41098,658,464,194
41099,0,0,0
41101,7576,4601,2975
41102,7948,5769,2179
41121,468,447,21
41124,417,305,112
41129,3783,3087,696
41132,125,107,18
41135,63,52,11
41139,3254,2240,1014
41141,690,602,88
41142,38,38,0
41143,5229,3933,1296
41144,3866,3108,758
41146,148,57,91
41149,226,207,19
41159,237,141,96
41164,4747,3809,938
41166,456,378,78
41168,905,781,124
41169,2171,1603,568
41171,1643,1173,470
41174,467,296,171
41175,2021,1531,490
41179,3248,2391,857
41180,411,329,82
41183,654,551,103
41189,823,586,237
41201,68,68,0
41203,326,220,106
41204,195,138,57
41214,238,164,74
41216,422,342,80
41219,762,612,150
41222,1023,935,88
41224,1921,1414,507
41226,125,125,0
41230,4475,3439,1036
41231,408,210,198
41232,292,183,109
41234,236,218,18
41238,235,192,43
41240,2518,1404,1114
41250,476,385,91
41254,134,114,20
41255,410,323,87
41256,1112,905,207
41257,199,143,56
41260,312,138,174
41262,353,271,82
41263,175,88,87
41264,146,94,52
41265,588,461,127
41267,275,207,68
41268,259,212,47
41271,74,65,9
41274,221,124,97
41301,2483,1580,903
41311,2719,1876,843
41314,1783,1239,544
41317,41,35,6
41332,415,303,112
41339,4310,3063,1247
41348,460,327,133
41352,314,270,44
41360,168,141,27
41365,134,75,59
41366,14,14,0
41367,76,54,22
41385,193,170,23
41390,16,5,11
41397,16,16,0
41408,185,154,31
41421,191,98,93
41425,446,344,102
41464,290,208,82
41465,4572,3241,1331
41472,3680,2616,1064
41501,9735,6081,3654
41503,240,145,95
41512,329,250,79
41513,172,135,37
41514,1415,761,654
41517,47,47,0
41519,507,424,83
41522,2193,1844,349
41524,76,76,0
41526,54,27,27
41527,356,275,81
41528,360,291,69
41531,406,366,40
41534,116,111,5
41535,184,152,32
41537,2013,1488,525
41538,18,18,0
41539,575,505,70
41540,97,81,16
41543,92,86,6
41544,324,276,48
41547,294,219,75
41548,366,271,95
41553,894,848,46
41554,428,326,102
41555,284,189,95
41557,735,580,155
41558,320,246,74
41559,77,50,27
41560,109,109,0
41562,1215,785,430
41563,168,115,53
41564,372,329,43
41566,338,235,103
41567,82,82,0
41568,379,364,15
41571,197,176,21
41572,1480,1225,255
41601,355,256,99
41602,369,295,74
41603,634,442,192
41604,215,175,40
41605,278,278,0
41606,435,340,95
41607,213,198,15
41612,92,51,41
41615,280,213,67
41616,287,214,73
41619,96,87,9
41621,69,69,0
41622,86,73,13
41630,607,426,181
41631,469,389,80
41632,222,171,51
41635,1182,821,361
41636,368,206,162
41640,404,342,62
41642,287,185,102
41643,27,12,15
41645,558,426,132
41647,661,478,183
41649,1026,539,487
41650,164,137,27
41653,4190,2679,1511
41655,379,288,91
41659,175,157,18
41660,230,184,46
41663,245,194,51
41666,363,211,152
41667,235,184,51
41669,232,148,84
41701,6708,4908,1800
41712,139,139,0
41713,58,58,0
41714,142,142,0
41719,497,440,57
41721,249,174,75
41722,542,432,110
41723,594,455,139
41725,71,56,15
41727,326,250,76
41729,19,0,19
41731,425,379,46
41735,63,40,23
41739,45,37,8
41740,406,332,74
41745,183,175,8
41746,202,130,72
41749,1305,1069,236
41751,99,86,13
41754,107,91,16
41759,98,67,31
41760,5,5,0
41762,0,0,0
41763,268,161,107
41764,264,206,58
41766,70,70,0
41772,96,82,14
41773,623,470,153
41774,964,745,219
41775,25,20,5
41776,471,408,63
41777,356,290,66
41804,213,207,6
41810,189,160,29
41812,140,125,15
41815,404,319,85
41817,112,86,26
41819,178,161,17
41821,166,148,18
41822,842,594,248
41824,576,330,246
41825,285,148,137
41826,320,312,8
41828,328,258,70
41831,407,303,104
41832,153,131,22
41833,225,137,88
41834,154,124,30
41835,340,296,44
41836,479,322,157
41837,507,430,77
41838,218,200,18
41839,592,400,192
41840,392,274,118
41843,337,244,93
41844,458,247,211
41845,118,97,21
41847,225,206,19
41848,0,0,0
41849,31,31,0
41855,313,257,56
41858,3244,2311,933
41859,186,131,55
41861,40,25,15
41862,377,341,36
42001,12674,8079,4595
42003,11972,7642,4330
42020,758,744,14
42021,677,476,201
42022,93,93,0
42023,918,737,181
42024,503,348,155
42025,8165,6506,1659
42027,798,678,120
42028,258,225,33
42029,2585,1960,625
42031,1140,932,208
42032,82,54,28
42035,412,348,64
42036,504,488,16
42037,34,29,5
42038,2031,1528,503
42039,753,621,132
42040,314,265,49
42041,1903,1187,716
42044,1597,1288,309
42045,920,674,246
42047,143,82,61
42048,857,642,215
42049,576,476,100
42050,1108,696,412
42051,1349,1161,188
42053,2127,1872,255
42054,320,315,5
42055,1091,1030,61
42056,666,512,154
42058,951,848,103
42060,0,0,0
42061,26,26,0
42064,3304,2698,606
42066,9195,6145,3050
42069,197,197,0
42071,11943,6739,5204
42076,474,397,77
42078,721,557,164
42079,572,527,45
42081,938,664,274
42082,637,536,101
42083,134,89,45
42084,38,9,29
42085,373,327,46
42086,1709,1275,434
42087,894,715,179
42088,969,794,175
42101,21179,9999,11180
42102,43,8,35
42103,8426,5435,2991
42104,13468,8525,4943
42120,962,643,319
42122,1865,1732,133
42123,242,226,16
42124,9,9,0
42127,2605,1666,939
42129,2837,2107,730
42130,111,80,31
42133,626,504,122
42134,6638,4192,2446
42140,395,298,97
42141,12279,8028,4251
42151,82,63,19
42153,137,86,51
42154,178,148,30
42156,117,100,17
42157,149,120,29
42159,719,598,121
42160,674,525,149
42163,47,0,47
42164,6236,4537,1699
42166,960,814,146
42167,3454,2435,1019
42170,583,519,64
42171,2600,2071,529
42202,948,671,277
42204,242,162,80
42206,2118,1573,545
42207,578,491,87
42210,1845,1462,383
42211,5595,4579,1016
42214,236,189,47
42215,429,377,52
42217,1334,1047,287
42220,2548,1857,691
42223,4559,16,4543
42232,299,265,34
42234,1056,591,465
42236,262,202,60
42240,16577,8871,7706
42254,118,76,42
42256,1771,1459,312
42259,429,373,56
42261,4204,3030,1174
42262,3086,805,2281
42265,275,186,89
42266,789,620,169
42273,212,148,64
42274,934,714,220
42275,259,171,88
42276,5898,3743,2155
42280,140,110,30
42285,115,92,23
42286,437,265,172
42301,18273,11215,7058
42303,15777,10315,5462
42320,3360,2284,1076
42321,73,65,8
42322,11,11,0
42323,307,238,69
42324,408,378,30
42325,859,680,179
42326,156,156,0
42327,1550,1288,262
42328,519,446,73
42330,3347,2442,905
42332,87,66,21
42333,473,346,127
42337,777,665,112
42338,11,11,0
42339,316,310,6
42343,621,450,171
42344,289,238,51
42345,4068,3149,919
42347,2320,1745,575
42348,1837,1486,351
42349,459,382,77
42350,608,510,98
42351,1623,1232,391
42352,888,643,245
42354,81,70,11
42355,762,707,55
42356,0,0,0
42361,188,161,27
42366,2123,1892,231
42367,314,237,77
42368,487,453,34
42369,93,78,15
42370,0,0,0
42371,162,154,8
42372,709,570,139
42374,141,124,17
42376,2228,1875,353
42378,1128,981,147
42404,1065,831,234
42406,1266,941,325
42408,2710,1960,750
42409,917,713,204
42410,587,326,261
42411,684,560,124
42413,1237,1114,123
42420,15411,8837,6574
42431,10601,6660,3941
42436,399,311,88
42437,2911,1962,949
42440,370,291,79
42441,642,462,180
42442,1281,995,286
42445,4449,3330,1119
42450,1600,1112,488
42451,352,276,76
42452,925,770,155
42453,230,190,40
42455,1057,695,362
42456,630,517,113
42458,454,376,78
42459,1699,1199,500
42461,523,336,187
42462,433,355,78
42463,33,33,0
42464,648,551,97
42501,7143,4159,2984
42503,9201,6751,2450
42516,181,160,21
42518,1135,869,266
42519,1480,1104,376
42528,563,428,135
42533,309,178,131
42539,3953,2979,974
42541,289,282,7
42544,2280,1783,497
42553,2102,1520,582
42565,231,162,69
42566,205,174,31
42567,2448,1677,771
42602,3806,2672,1134
42603,13,5,8
42629,2122,1673,449
42631,63,0,63
42633,7745,5511,2234
42634,598,482,116
42635,1237,849,388
42638,0,0,0
42642,4910,3531,1379
42647,1287,970,317
42649,972,752,220
42653,1999,1266,733
42701,20301,12759,7542
42712,546,402,144
42713,782,592,190
42715,104,104,0
42716,603,516,87
42717,2747,1992,755
42718,9659,6142,3517
42721,1340,1068,272
42722,217,206,11
42724,1821,1561,260
42726,1856,1399,457
42728,6146,4624,1522
42729,595,377,218
42731,43,43,0
42732,701,513,188
42733,424,330,94
42740,821,693,128
42741,133,114,19
42743,3677,2682,995
42746,681,533,148
42748,3469,2504,965
42749,2058,1405,653
42753,267,210,57
42754,6157,4130,2027
42757,1142,895,247
42758,38,30,8
42762,51,44,7
42764,270,206,64
42765,2404,1774,630
42776,880,695,185
42782,417,354,63
42784,962,734,228
42788,98,80,18
43001,1029,892,137
43002,2137,1454,683
43003,1014,725,289
43004,9774,7346,2428
43005,75,75,0
43006,257,215,42
43008,1045,703,342
43009,834,675,159
43010,94,69,25
43011,2878,2325,553
43013,322,278,44
43014,1284,887,397
43015,19854,13864,5990
43016,14954,8238,6716
43017,14929,10510,4419
43019,3179,2651,528
43021,3940,3697,243
43022,1102,806,296
43023,4041,3440,601
43025,2088,1616,472
43026,23420,16573,6847
43028,3162,2692,470
43029,179,144,35
43030,57,57,0
43031,5081,4030,1051
43032,9,9,0
43033,113,78,35
43035,8783,7054,1729
43036,120,72,48
43037,120,70,50
43040,11903,8417,3486
43044,1859,1408,451
43045,693,578,115
43046,1487,1154,333
43050,11764,7702,4062
43054,9924,6933,2991
43055,24572,15010,9562
43056,7101,5527,1574
43060,1002,781,221
43061,1594,1459,135
43062,10427,8400,2027
43064,4926,4227,699
43065,14801,13460,1341
43066,552,522,30
43067,564,539,25
43068,21201,12499,8702
43070,61,61,0
43071,741,617,124
43072,2234,1812,422
43074,4531,3727,804
43076,3498,2870,628
43077,146,88,58
43078,8310,5523,2787
43080,1736,1363,373
43081,24234,15396,8838
43082,11792,10633,1159
43084,246,216,30
43085,10363,7270,3093
43101,120,87,33
43102,1652,1269,383
43103,3847,3149,698
43105,2871,2413,458
43106,654,436,218
43107,1152,902,250
43109,34,28,6
43110,14465,8660,5805
43111,121,121,0
43112,1645,1425,220
43113,9398,6367,3031
43115,582,410,172
43116,502,447,55
43117,59,34,25
43119,10299,7139,3160
43123,24779,18044,6735
43125,5541,3290,2251
43126,187,126,61
43127,96,55,41
43128,992,612,380
43130,23476,15370,8106
43135,1721,1320,401
43136,273,196,77
43137,930,776,154
43138,7201,5100,2101
43140,7743,5239,2504
43142,56,28,28
43143,2183,1504,679
43144,176,122,54
43145,841,613,228
43146,3109,2736,373
43147,13946,11592,2354
43148,805,570,235
43149,931,847,84
43150,818,665,153
43151,106,71,35
43152,350,238,112
43153,347,270,77
43154,1202,891,311
43155,959,781,178
43156,70,60,10
43157,209,138,71
43158,118,118,0
43160,9056,5440,3616
43162,2679,2037,642
43164,786,567,219
43201,12412,2122,10290
43202,9445,2778,6667
43203,3571,959,2612
43204,16548,7789,8759
43205,5400,1995,3405
43206,10182,4771,5411
43207,17792,10319,7473
43209,11808,6709,5099
43210,335,0,335
43211,8443,3300,5143
43212,11313,4025,7288
43213,13919,4835,9084
43214,12347,7739,4608
43215,9188,1797,7391
43217,751,39,712
43219,11555,5450,6105
43220,11710,6537,5173
43221,13568,10046,3522
43222,1413,393,1020
43223,8526,3820,4706
43224,17312,7923,9389
43227,9463,4534,4929
43228,21369,9791,11578
43229,20861,8470,12391
43230,23542,14703,8839
43231,7908,3791,4117
43232,18748,7383,11365
43235,18177,10446,7731
43240,1982,613,1369
43302,20215,12988,7227
43310,1097,921,176
43311,7595,4805,2790
43314,1145,1019,126
43315,2635,2055,580
43316,2388,1742,646
43317,46,32,14
43318,1557,1290,267
43319,412,412,0
43320,632,503,129
43321,107,88,19
43322,140,109,31
43323,306,272,34
43324,1276,1097,179
43326,5371,3816,1555
43330,47,27,20
43331,2247,1791,456
43332,720,564,156
43333,229,168,61
43334,2189,1859,330
43336,0,0,0
43337,497,466,31
43338,3741,2897,844
43340,646,518,128
43341,377,308,69
43342,1107,965,142
43343,458,349,109
43344,2189,1806,383
43345,301,247,54
43347,580,496,84
43348,879,574,305
43351,4155,2770,1385
43356,591,454,137
43357,1616,1270,346
43358,1061,898,163
43359,334,275,59
43360,652,514,138
43402,13584,6237,7347
43403,5,0,5
43406,735,577,158
43407,266,262,4
43408,97,88,9
43410,3956,2856,1100
43412,1725,1484,241
43413,515,454,61
43416,1261,979,282
43420,12435,8279,4156
43430,1694,1305,389
43431,1750,1386,364
43432,525,508,17
43433,47,47,0
43434,24,22,2
43435,481,429,52
43437,187,119,68
43438,103,99,4
43439,44,44,0
43440,2516,2054,462
43442,435,330,105
43443,756,623,133
43445,521,494,27
43446,47,46,1
43447,1322,1208,114
43449,3265,2477,788
43450,1435,1054,381
43451,434,325,109
43452,6278,4611,1667
43456,141,115,26
43457,560,442,118
43458,189,152,37
43460,2683,2076,607
43462,473,373,100
43463,9,0,9
43464,491,389,102
43465,2401,1789,612
43466,837,660,177
43467,31,20,11
43468,120,108,12
43469,1146,901,245
43501,318,236,82
43502,2515,1815,700
43504,473,437,36
43505,31,20,11
43506,6261,4592,1669
43511,455,404,51
43512,11319,8374,2945
43515,3244,2726,518
43516,1087,759,328
43517,1619,1335,284
43518,1020,887,133
43519,107,68,39
43521,1115,797,318
43522,1319,1161,158
43523,10,10,0
43524,537,425,112
43525,387,345,42
43526,2340,1954,386
43527,779,657,122
43528,6264,4675,1589
43529,105,78,27
43531,142,65,77
43532,1473,1264,209
43533,675,522,153
43534,688,573,115
43535,278,241,37
43536,64,64,0
43537,11283,8289,2994
43540,560,415,145
43541,50,50,0
43542,1417,1308,109
43543,3243,2604,639
43545,5859,4265,1594
43547,71,57,14
43548,258,228,30
43549,509,426,83
43551,15859,10654,5205
43553,65,50,15
43554,1005,666,339
43555,113,92,21
43556,667,552,115
43557,949,803,146
43558,5235,4591,644
43560,12204,9726,2478
43565,193,136,57
43566,3097,2644,453
43567,5018,3602,1416
43569,1094,918,176
43570,1288,948,340
43571,2697,2267,430
43604,4378,629,3749
43605,10278,4553,5725
43606,9963,5219,4744
43607,8964,4360,4604
43608,4999,2602,2397
43609,8736,3831,4905
43610,1708,863,845
43611,7907,5122,2785
43612,12009,6607,5402
43613,13833,8773,5060
43614,14420,7989,6431
43615,17922,9541,8381
43616,8549,6012,2537
43617,2737,2370,367
43619,2886,2240,646
43620,2562,773,1789
43623,9127,5574,3553
43701,23016,14474,8542
43711,28,6,22
43713,2657,2210,447
43716,763,638,125
43717,92,81,11
43718,1171,954,217
43719,1076,857,219
43720,533,468,65
43721,28,0,28
43722,124,115,9
43723,2075,1308,767
43724,2801,2232,569
43725,8212,5459,2753
43727,443,402,41
43728,561,432,129
43730,834,761,73
43731,2081,1471,610
43732,664,564,100
43733,0,0,0
43734,629,496,133
43735,172,105,67
43736,21,20,1
43738,36,21,15
43739,800,669,131
43740,103,79,24
43746,529,429,100
43747,424,330,94
43748,1006,762,244
43749,1002,831,171
43750,73,73,0
43754,599,447,152
43755,721,570,151
43756,2235,1531,704
43758,1223,979,244
43759,32,19,13
43760,687,521,166
43761,26,26,0
43762,1741,1259,482
43764,3234,2074,1160
43766,599,461,138
43767,367,347,20
43768,134,61,73
43771,659,549,110
43772,808,675,133
43773,1352,1080,272
43777,1847,1440,407
43778,410,361,49
43779,396,332,64
43780,830,739,91
43782,218,165,53
43783,1798,1506,292
43786,16,12,4
43787,1254,1029,225
43788,245,202,43
43793,2237,1526,711
43802,310,292,18
43804,971,683,288
43805,46,8,38
43811,328,261,67
43812,7904,5251,2653
43821,1600,1326,274
43822,1891,1460,431
43824,1292,1092,200
43830,2336,1739,597
43832,2988,2231,757
43836,51,45,6
43837,617,547,70
43840,475,413,62
43842,180,119,61
43843,416,350,66
43844,1466,1206,260
43845,1800,1420,380
43901,817,666,151
43902,27,13,14
43903,820,667,153
43905,56,19,37
43906,3437,2305,1132
43907,2358,1793,565
43908,609,482,127
43910,1282,1170,112
43912,2731,1917,814
43913,616,339,277
43914,50,43,7
43915,510,441,69
43917,1489,1333,156
43920,9210,6009,3201
43925,114,13,101
43926,104,74,30
43927,42,42,0
43928,9,9,0
43930,312,209,103
43931,142,114,28
43932,337,287,50
43933,736,675,61
43934,198,180,18
43935,3649,2460,1189
43938,2295,1873,422
43939,170,151,19
43940,59,52,7
43942,1127,925,202
43943,1276,1044,232
43944,871,698,173
43945,1229,886,343
43946,935,737,198
43947,2081,1646,435
43948,187,156,31
43950,5267,4277,990
43951,32,32,0
43952,7207,3876,3331
43953,4813,3323,1490
43961,168,99,69
43962,32,27,5
43963,600,344,256
43964,3811,2685,1126
43967,0,0,0
43968,2671,1849,822
43970,25,25,0
43971,487,275,212
43972,47,47,0
43973,942,755,187
43974,35,33,2
43976,634,527,107
43977,875,682,193
43983,212,122,90
43985,35,23,12
43986,849,658,191
43988,998,744,254
44001,8513,7027,1486
44003,1695,1202,493
44004,13151,7935,5216
44010,595,417,178
44011,7957,6637,1320
44012,9389,7723,1666
44017,7167,4935,2232
44021,2327,1749,578
44022,6877,6005,872
44023,6590,6117,473
44024,9262,7645,1617
44026,4438,4191,247
44028,3352,3110,242
44030,5904,4297,1607
44032,501,456,45
44035,26864,16412,10452
44039,12609,10898,1711
44040,1140,1101,39
44041,6011,4104,1907
44044,4433,3838,595
44045,193,118,75
44046,827,672,155
44047,3424,2833,591
44048,853,629,224
44049,88,70,18
44050,2348,1948,400
44052,11571,6224,5347
44053,7985,5258,2727
44054,5004,4034,970
44055,7488,3656,3832
44056,4647,4282,365
44057,7357,5686,1671
44060,25194,20894,4300
44062,3940,2957,983
44064,689,619,70
44065,1735,1443,292
44067,8204,6878,1326
44070,12987,9721,3266
44072,1808,1587,221
44074,3876,2543,1333
44076,1655,1119,536
44077,22099,15790,6309
44080,82,44,38
44081,2569,2291,278
44082,578,464,114
44084,1231,1078,153
44085,1166,998,168
44086,959,849,110
44087,8496,6263,2233
44089,6563,5015,1548
44090,4720,3417,1303
44092,7739,5425,2314
44093,418,390,28
44094,16280,10461,5819
44095,14429,10610,3819
44099,740,709,31
44101,0,0,0
44102,19094,6373,12721
44103,7198,2255,4943
44104,8741,2510,6231
44105,15349,7323,8026
44106,10995,3222,7773
44107,24746,10868,13878
44108,9498,4309,5189
44109,17411,8053,9358
44110,9018,3273,5745
44111,17672,10011,7661
44112,9825,3861,5964
44113,9441,2409,7032
44114,3858,226,3632
44115,3966,319,3647
44116,9183,6612,2571
44117,4942,1982,2960
44118,15428,9130,6298
44119,5675,2969,2706
44120,15902,6972,8930
44121,13785,8945,4840
44122,13259,8553,4706
44123,7932,4212,3720
44124,17220,11439,5781
44125,11582,7569,4013
44126,7126,5236,1890
44127,1829,628,1201
44128,12687,6493,6194
44129,11665,8047,3618
44130,22238,14149,8089
44131,8325,7699,626
44132,6638,2907,3731
44133,12623,9180,3443
44134,15875,12172,3703
44135,11787,7041,4746
44136,10329,7615,2714
44137,9485,5550,3935
44138,9337,7553,1784
44139,8784,7295,1489
44140,6078,5584,494
44141,5572,4723,849
44142,7535,5812,1723
44143,10772,7703,3069
44144,9629,5607,4022
44145,13694,10024,3670
44146,13942,7589,6353
44147,7483,6248,1235
44149,7499,6894,605
44201,2520,2064,456
44202,7803,6558,1245
44203,16646,11456,5190
44212,16865,13533,3332
44214,800,716,84
44215,899,720,179
44216,3566,3290,276
44217,1451,1226,225
44221,13155,7457,5698
44223,7631,5854,1777
44224,16363,10920,5443
44230,3514,3065,449
44231,3624,3046,578
44233,2923,2923,0
44234,1302,1157,145
44235,583,483,100
44236,9212,8091,1121
44240,16173,8275,7898
44241,6761,4810,1951
44243,0,0,0
44250,504,370,134
44251,399,361,38
44253,1044,941,103
44254,2083,1441,642
44255,3000,2298,702
44256,24276,19298,4978
44260,4903,3999,904
44262,2013,1596,417
44264,1176,929,247
44265,0,0,0
44266,13446,9478,3968
44270,3358,2217,1141
44272,1952,1536,416
44273,2886,2433,453
44274,89,89,0
44275,1249,1043,206
44276,604,516,88
44278,7195,5650,1545
44280,1767,1560,207
44281,12625,9741,2884
44285,11,11,0
44286,2386,2178,208
44287,2749,2313,436
44288,1390,832,558
44301,6228,3671,2557
44302,2546,935,1611
44303,3547,1946,1601
44304,1474,154,1320
44305,9548,5486,4062
44306,8922,4005,4917
44307,3145,864,2281
44308,268,8,260
44310,10301,4066,6235
44311,2861,623,2238
44312,13518,9933,3585
44313,11905,6877,5028
44314,8189,4342,3847
44319,9697,7242,2455
44320,8836,4984,3852
44321,6268,4572,1696
44333,7421,5901,1520
44401,1191,1041,150
44402,1312,1083,229
44403,1745,1512,233
44404,576,497,79
44405,3364,2175,1189
44406,8787,7577,1210
44408,4326,3222,1104
44410,7495,6081,1414
44411,760,643,117
44412,1005,799,206
44413,2921,2368,553
44417,657,550,107
44418,550,488,62
44420,6768,4660,2108
44423,962,764,198
44425,6233,4901,1332
44427,475,415,60
44428,1279,1116,163
44429,1174,849,325
44430,1461,1093,368
44431,1816,1513,303
44432,4413,3245,1168
44436,1478,1219,259
44437,1919,1591,328
44438,1883,1295,588
44439,76,24,52
44440,1999,1563,436
44441,637,606,31
44442,1638,1401,237
44443,595,595,0
44444,4225,2927,1298
44445,1479,1162,317
44446,8909,4997,3912
44449,541,455,86
44450,689,553,136
44451,1247,951,296
44452,1251,934,317
44454,348,291,57
44455,716,672,44
44460,10563,7562,3001
44470,1471,1335,136
44471,4334,3185,1149
44473,1513,1190,323
44481,4006,3417,589
44483,10864,6675,4189
44484,9703,6831,2872
44485,7012,3735,3277
44490,380,228,152
44491,984,930,54
44493,15,15,0
44502,3941,2149,1792
44503,543,0,543
44504,1925,906,1019
44505,7672,4440,3232
44506,1065,739,326
44507,2076,929,1147
44509,5175,2930,2245
44510,936,407,529
44511,8961,6314,2647
44512,14614,9632,4982
44514,9619,7876,1743
44515,11876,7307,4569
44601,13921,8832,5089
44606,2219,1701,518
44607,69,69,0
44608,885,646,239
44609,1574,1364,210
44610,59,59,0
44611,717,645,72
44612,2152,1579,573
44613,745,516,229
44614,5031,3905,1126
44615,4079,3054,1025
44618,2318,1745,573
44620,662,587,75
44621,1818,1184,634
44622,7290,5013,2277
44624,1358,1209,149
44625,645,492,153
44626,1155,932,223
44627,1518,1256,262
44628,398,347,51
44629,1012,778,234
44632,3640,2757,883
44633,823,711,112
44634,910,712,198
44637,1141,828,313
44638,536,362,174
44640,88,64,24
44641,8223,6235,1988
44643,1318,1089,229
44644,2130,1589,541
44645,892,709,183
44646,18928,13180,5748
44647,7657,5714,1943
44651,277,221,56
44652,16,16,0
44653,230,160,70
44654,6010,4375,1635
44656,1259,1074,185
44657,3956,2838,1118
44659,50,41,9
44661,55,49,6
44662,3570,2952,618
44663,10273,6560,3713
44666,1022,866,156
44667,5311,3794,1517
44669,527,471,56
44670,62,62,0
44671,128,108,20
44672,1958,1135,823
44675,889,737,152
44676,1656,1333,323
44677,969,707,262
44678,134,77,57
44680,1812,1320,492
44681,2464,1825,639
44682,414,293,121
44683,3373,2355,1018
44685,10189,8492,1697
44687,13,7,6
44688,1178,916,262
44689,229,171,58
44690,71,51,20
44691,18065,12164,5901
44693,19,19,0
44695,633,542,91
44697,100,89,11
44699,369,295,74
44702,537,7,530
44703,3738,1268,2470
44704,1550,731,819
44705,7279,4046,3233
44706,7155,5202,1953
44707,3736,1853,1883
44708,10917,7245,3672
44709,8481,4994,3487
44710,4066,2215,1851
44714,4010,2395,1615
44718,5301,3532,1769
44720,15960,11370,4590
44721,5583,4664,919
44730,2391,2057,334
44802,365,304,61
44804,426,311,115
44805,12704,8479,4225
44807,890,693,197
44809,163,116,47
44811,5026,3669,1357
44813,3363,2734,629
44814,1016,896,120
44815,294,240,54
44816,16,16,0
44817,530,458,72
44818,952,759,193
44820,7498,5140,2358
44822,1014,827,187
44824,1475,1234,241
44825,37,34,3
44826,686,597,89
44827,2996,2142,854
44828,20,13,7
44830,7819,5519,2300
44833,6969,5017,1952
44836,923,721,202
44837,1531,1215,316
44838,100,86,14
44839,5370,4076,1294
44840,962,800,162
44841,247,214,33
44842,2178,1474,704
44843,851,694,157
44844,209,164,45
44846,1191,970,221
44847,1343,1057,286
44849,950,714,236
44850,22,15,7
44851,1804,1367,437
44853,536,449,87
44854,678,494,184
44855,451,364,87
44856,135,123,12
44857,9540,6386,3154
44859,676,570,106
44861,31,31,0
44864,1396,1145,251
44865,1098,782,316
44866,717,586,131
44867,917,811,106
44870,16833,10199,6634
44874,114,93,21
44875,5819,3904,1915
44878,965,788,177
44880,1010,979,31
44881,0,0,0
44882,1180,1008,172
44883,10915,7522,3393
44887,335,275,60
44889,2736,2320,416
44890,4268,2952,1316
44901,0,0,0
44902,1792,765,1027
44903,9451,6790,2661
44904,5660,4057,1603
44905,4742,3475,1267
44906,7232,4383,2849
44907,6729,3737,2992
45001,285,115,170
45002,5128,3805,1323
45003,213,148,65
45005,12396,8703,3693
45011,24610,17627,6983
45013,21059,14986,6073
45014,17208,10755,6453
45015,4607,2838,1769
45030,7625,6156,1469
45032,134,82,52
45033,108,99,9
45034,483,409,74
45036,12000,8318,3682
45039,9125,7356,1769
45040,19867,15719,4148
45041,17,0,17
45042,10564,7714,2850
45044,19988,11817,8171
45050,3297,2579,718
45051,0,0,0
45052,1533,1341,192
45053,1122,1112,10
45054,1097,1054,43
45056,8497,3890,4607
45062,241,174,67
45064,1093,996,97
45065,1880,1518,362
45066,8705,7553,1152
45067,5114,3564,1550
45068,4290,3673,617
45069,18736,14672,4064
45070,72,55,17
45101,1029,550,479
45102,8683,6219,2464
45103,12425,8738,3687
45106,4614,3681,933
45107,3627,2727,900
45111,136,136,0
45112,26,22,4
45113,1462,1183,279
45115,81,73,8
45118,1405,1120,285
45120,1178,860,318
45121,3537,2368,1169
45122,3871,3178,693
45123,3530,2189,1341
45130,1668,1359,309
45131,94,75,19
45132,142,89,53
45133,9258,6312,2946
45135,1795,1403,392
45140,20658,16218,4440
45142,1444,1107,337
45144,1869,1283,586
45145,9,9,0
45146,487,319,168
45147,67,49,18
45148,539,385,154
45150,12901,9401,3500
45152,4108,3397,711
45153,679,608,71
45154,3320,2553,767
45155,124,99,25
45156,29,23,6
45157,3589,2921,668
45158,131,81,50
45159,1352,1004,348
45160,425,156,269
45162,1002,815,187
45164,91,62,29
45166,38,7,31
45167,1534,1020,514
45168,636,482,154
45169,1809,1220,589
45171,2277,1844,433
45172,61,48,13
45174,788,744,44
45176,3497,2491,1006
45177,9065,5658,3407
45202,7915,2092,5823
45203,1492,273,1219
45204,2534,862,1672
45205,6996,2316,4680
45206,6010,1914,4096
45207,2233,882,1351
45208,8985,5547,3438
45209,5947,2374,3573
45211,15887,7565,8322
45212,10125,4404,5721
45213,5687,3109,2578
45214,3528,742,2786
45215,12587,6918,5669
45216,3860,1804,2056
45217,3068,1692,1376
45218,1579,1122,457
45219,6147,1086,5061
45220,6436,1897,4539
45223,5596,2300,3296
45224,9348,5634,3714
45225,3987,585,3402
45226,2526,1442,1084
45227,8584,4150,4434
45229,6132,1513,4619
45230,11876,8428,3448
45231,16005,10925,5080
45232,2562,493,2069
45233,5813,4831,982
45236,11040,6744,4296
45237,9288,4189,5099
45238,18843,10828,8015
45239,11773,7365,4408
45240,10193,6526,3667
45241,10008,7519,2489
45242,8843,7103,1740
45243,5508,5067,441
45244,10345,8172,2173
45245,8318,5740,2578
45246,6053,3252,2801
45247,9473,7401,2072
45248,9775,8354,1421
45249,5400,3477,1923
45251,8777,6527,2250
45252,1896,1830,66
45255,8735,6201,2534
45301,29,29,0
45302,1438,1244,194
45303,951,683,268
45304,2702,2083,619
45305,4406,3527,879
45306,917,722,195
45307,132,100,32
45308,1594,1262,332
45309,5343,4052,1291
45310,111,108,3
45311,2274,1816,458
45312,503,438,65
45314,1426,1023,403
45315,1565,1280,285
45316,45,38,7
45317,357,268,89
45318,2127,1629,498
45319,143,112,31
45320,6002,4369,1633
45321,351,277,74
45322,8656,6811,1845
45323,2187,1720,467
45324,17041,8180,8861
45325,974,872,102
45326,338,291,47
45327,3569,2899,670
45328,212,130,82
45330,327,247,80
45331,9844,6565,3279
45332,288,252,36
45333,478,358,120
45334,855,582,273
45335,2583,1953,630
45336,61,51,10
45337,698,607,91
45338,2043,1676,367
45339,534,424,110
45340,251,243,8
45341,1598,1226,372
45342,15632,9863,5769
45344,6034,4620,1414
45345,2470,1654,816
45346,810,635,175
45347,1753,1354,399
45348,365,282,83
45349,139,86,53
45350,30,26,4
45351,84,73,11
45352,96,65,31
45353,62,62,0
45354,206,154,52
45356,10150,6515,3635
45358,126,106,20
45359,710,576,134
45360,189,136,53
45361,118,92,26
45362,444,407,37
45363,594,512,82
45365,11747,7485,4262
45368,1862,1337,525
45369,1367,1118,249
45370,962,870,92
45371,7849,5861,1988
45372,137,82,55
45373,14037,9251,4786
45377,6875,4321,2554
45378,139,124,15
45380,1917,1533,384
45381,2079,1631,448
45382,442,334,108
45383,2840,2055,785
45384,102,88,14
45385,15753,11017,4736
45387,2528,1808,720
45388,259,232,27
45389,192,144,48
45390,1273,761,512
45402,4424,1596,2828
45403,5893,2401,3492
45404,4164,1925,2239
45405,8234,2940,5294
45406,9051,4388,4663
45409,2920,1723,1197
45410,7104,3236,3868
45414,8969,5520,3449
45415,5616,3602,2014
45416,2370,1627,743
45417,12066,6310,5756
45418,648,528,120
45419,6624,4639,1985
45420,11762,6471,5291
45424,19432,14079,5353
45426,7041,3054,3987
45428,0,0,0
45429,11628,8032,3596
45430,2855,2443,412
45431,12070,6118,5952
45432,6393,4651,1742
45433,570,29,541
45434,4663,4235,428
45439,3955,2204,1751
45440,8993,5915,3078
45449,8065,4755,3310
45458,12788,9707,3081
45459,12342,8805,3537
45502,6354,5450,904
45503,14262,8593,5669
45504,6657,4265,2392
45505,8263,3998,4265
45506,5354,2779,2575
45601,20938,14080,6858
45612,1816,1304,512
45613,1066,826,240
45614,1798,1452,346
45616,584,475,109
45617,146,54,92
45618,4,4,0
45619,2990,2174,816
45620,360,270,90
45621,140,81,59
45622,74,74,0
45623,1141,909,232
45624,0,0,0
45628,1958,1543,415
45629,981,763,218
45630,45,33,12
45631,6184,4388,1796
45634,686,519,167
45636,41,41,0
45638,8540,5887,2653
45640,6344,4179,2165
45642,0,0,0
45644,1840,1514,326
45645,1022,821,201
45646,162,162,0
45647,994,879,115
45648,4497,3567,930
45650,213,139,74
45651,2258,1539,719
45652,1400,1143,257
45653,1622,1344,278
45654,452,390,62
45656,2677,1979,698
45657,825,515,310
45658,949,729,220
45659,930,733,197
45660,2847,2037,810
45661,2729,1836,893
45662,12576,6590,5986
45663,2430,1929,501
45669,3944,3047,897
45671,116,91,25
45672,551,467,84
45673,138,59,79
45674,109,51,58
45678,383,248,135
45679,995,708,287
45680,4877,3258,1619
45681,600,566,34
45682,863,662,201
45684,859,717,142
45685,427,292,135
45686,1333,976,357
45688,211,116,95
45690,5831,3673,2158
45692,3332,2483,849
45693,3404,2134,1270
45694,4562,3545,1017
45695,271,208,63
45696,706,597,109
45697,1806,1491,315
45698,131,88,43
45701,10926,4988,5938
45710,2252,1739,513
45711,388,314,74
45714,4077,3106,971
45715,964,739,225
45716,184,155,29
45719,431,212,219
45721,14,14,0
45723,1454,1205,249
45724,871,846,25
45727,212,196,16
45729,521,504,17
45732,1783,1287,496
45734,199,140,59
45735,622,547,75
45740,174,98,76
45741,301,220,81
45742,1243,1028,215
45743,684,650,34
45744,1121,890,231
45745,566,478,88
45746,207,186,21
45750,11120,7209,3911
45760,1548,1123,425
45761,774,565,209
45764,3096,1833,1263
45766,506,368,138
45767,1019,807,212
45768,725,546,179
45769,2623,1913,710
45770,266,246,20
45771,1307,1010,297
45772,697,640,57
45773,29,29,0
45775,508,449,59
45776,288,228,60
45778,283,189,94
45779,291,237,54
45780,1322,602,720
45782,169,106,63
45784,1303,1011,292
45786,1312,1159,153
45787,37,37,0
45788,468,447,21
45789,76,76,0
45801,8752,5012,3740
45804,6197,3225,2972
45805,9286,5699,3587
45806,4373,3451,922
45807,4919,3900,1019
45808,141,106,35
45809,59,54,5
45810,2553,1536,1017
45812,791,568,223
45813,1487,1177,310
45814,1138,894,244
45816,151,122,29
45817,2591,2001,590
45819,104,67,37
45820,182,160,22
45821,529,478,51
45822,8026,5717,2309
45826,178,136,42
45827,760,717,43
45828,2380,1945,435
45830,2292,1941,351
45831,1239,1046,193
45832,1125,984,141
45833,4147,3093,1054
45835,206,192,14
45836,552,461,91
45838,22,22,0
45840,24043,15581,8462
45841,323,245,78
45843,1458,1216,242
45844,1267,1073,194
45845,1114,1013,101
45846,1452,1273,179
45849,406,343,63
45850,1255,1051,204
45851,256,183,73
45853,520,355,165
45854,166,122,44
45855,66,58,8
45856,1889,1496,393
45858,1128,857,271
45859,183,143,40
45860,874,659,215
45861,85,72,13
45862,587,487,100
45863,480,397,83
45864,85,71,14
45865,1882,1549,333
45866,78,51,27
45867,444,394,50
45868,266,248,18
45869,1872,1572,300
45870,66,50,16
45871,755,533,222
45872,1476,984,492
45873,829,676,153
45874,908,760,148
45875,4493,3474,1019
45876,315,241,74
45877,839,681,158
45879,2518,1748,770
45880,1104,884,220
45881,490,403,87
45882,1112,897,215
45883,1262,1048,214
45884,39,8,31
45885,5371,3931,1440
45886,215,160,55
45887,1635,1237,398
45888,76,67,9
45889,501,485,16
45890,209,181,28
45891,6225,4366,1859
45894,284,231,53
45895,7361,5678,1683
45896,736,639,97
45897,25,25,0
45898,382,336,46
45899,62,56,6
46001,4146,3193,953
46011,6980,5400,1580
46012,8094,5485,2609
46013,7914,5217,2697
46016,7010,3106,3904
46017,2335,1791,544
46030,1198,1008,190
46031,853,761,92
46032,19266,13086,6180
46033,13487,12141,1346
46034,2739,2266,473
46035,404,331,73
46036,4736,3277,1459
46037,14494,11868,2626
46038,16585,11823,4762
46039,231,194,37
46040,4075,3494,581
46041,8535,5872,2663
46044,1153,922,231
46045,44,44,0
46047,50,0,50
46048,815,659,156
46049,424,325,99
46050,734,575,159
46051,1206,966,240
46052,9353,6631,2722
46055,4175,3866,309
46056,929,803,126
46057,486,322,164
46058,800,663,137
46060,14554,10107,4447
46062,13177,10541,2636
46063,202,152,50
46064,5283,4448,835
46065,1220,976,244
46068,1167,1065,102
46069,2978,2234,744
46070,831,688,143
46071,1388,1153,235
46072,3579,2773,806
46074,11289,9226,2063
46075,2445,1779,666
46076,615,499,116
46077,9859,8403,1456
46103,53,31,22
46104,409,389,20
46105,709,555,154
46106,2301,1806,495
46107,5103,3054,2049
46110,198,163,35
46111,80,49,31
46112,13311,10318,2993
46113,5510,4086,1424
46115,799,614,185
46117,216,195,21
46118,1934,1520,414
46120,2057,1594,463
46121,2111,1848,263
46122,5887,4462,1425
46123,12580,10524,2056
46124,3226,2221,1005
46125,5,0,5
46126,2001,1690,311
46127,92,82,10
46128,852,726,126
46130,946,792,154
46131,11844,8222,3622
46133,323,252,71
46135,6879,4399,2480
46140,15754,11086,4668
46142,11265,8400,2865
46143,20836,13699,7137
46144,78,68,10
46146,83,19,64
46147,1198,975,223
46148,2004,1465,539
46149,738,609,129
46150,384,316,68
46151,11726,8685,3041
46155,75,33,42
46156,578,487,91
46157,1341,1168,173
46158,8560,6605,1955
46160,2578,2227,351
46161,1141,861,280
46162,245,197,48
46163,4507,4160,347
46164,1732,1568,164
46165,613,527,86
46166,742,517,225
46167,2287,2078,209
46168,12819,8966,3853
46171,671,651,20
46172,960,710,250
46173,4141,2753,1388
46175,235,143,92
46176,11098,7406,3692
46180,389,336,53
46181,1739,1489,250
46182,626,503,123
46183,15,15,0
46184,4734,4094,640
46186,715,619,96
46201,12711,5500,7211
46202,9403,2565,6838
46203,14498,7811,6687
46204,3760,706,3054
46205,11360,5664,5696
46208,8504,3880,4624
46214,9782,4685,5097
46216,1278,316,962
46217,12474,9065,3409
46218,11721,5243,6478
46219,15834,8656,7178
46220,16743,10375,6368
46221,9719,5833,3886
46222,11859,4900,6959
46224,13685,4684,9001
46225,2360,1092,1268
46226,17975,8372,9603
46227,22759,10273,12486
46228,5689,4445,1244
46229,10946,6526,4420
46231,3451,3111,340
46234,9841,7954,1887
46235,11817,5473,6344
46236,10230,8658,1572
46237,15005,10186,4819
46239,9836,8324,1512
46240,9437,4315,5122
46241,10578,6089,4489
46250,9355,4000,5355
46254,15147,6674,8473
46256,10619,7360,3259
46259,3644,3487,157
46260,13166,6511,6655
46268,10787,4999,5788
46278,2954,2610,344
46280,3454,2353,1101
46290,103,103,0
46301,317,267,50
46303,5187,4117,1070
46304,9428,7226,2202
46307,22876,19217,3659
46310,5239,4309,930
46311,7927,7166,761
46312,10160,4627,5533
46319,7150,4919,2231
46320,4906,2060,2846
46321,8697,7607,1090
46322,9473,7508,1965
46323,8104,5305,2799
46324,8355,5407,2948
46327,3854,2426,1428
46340,343,314,29
46341,3699,3206,493
46342,11534,8881,2653
46345,63,55,8
46346,485,335,150
46347,1798,1545,253
46348,456,356,100
46349,1160,1073,87
46350,17345,12603,4742
46356,6308,5278,1030
46360,17705,11394,6311
46365,397,348,49
46366,2209,1780,429
46368,15354,10539,4815
46371,1164,1003,161
46373,5270,5107,163
46374,353,302,51
46375,9489,7783,1706
46376,95,68,27
46377,132,93,39
46379,122,122,0
46381,64,37,27
46382,706,706,0
46383,16108,10444,5664
46385,14527,12424,2103
46390,1219,1111,108
46391,2157,1849,308
46392,2973,2400,573
46393,124,57,67
46394,4880,3077,1803
46402,2659,1126,1533
46403,5798,3101,2697
46404,6802,4060,2742
46405,3935,2821,1114
46406,3963,2072,1891
46407,4662,1877,2785
46408,6347,3788,2559
46409,2884,1371,1513
46410,15424,9698,5726
46501,1270,952,318
46502,11,11,0
46504,1343,1055,288
46506,3503,2521,982
46507,3361,2663,698
46508,60,60,0
46510,1518,1203,315
46511,1647,1323,324
46514,16429,11513,4916
46516,11666,6599,5067
46517,9125,5748,3377
46524,891,762,129
46526,11718,7769,3949
46528,8375,6148,2227
46530,10669,9705,964
46531,582,492,90
46532,694,584,110
46534,4217,3174,1043
46536,1156,898,258
46537,171,140,31
46538,1461,1276,185
46539,970,797,173
46540,3797,3337,460
46542,1535,1169,366
46543,881,746,135
46544,12760,8464,4296
46545,11236,5207,6029
46550,4342,3202,1140
46552,2578,2093,485
46553,1096,986,110
46554,1990,1689,301
46555,1237,890,347
46556,233,7,226
46561,4468,3765,703
46562,2012,1614,398
46563,8927,6624,2303
46565,2428,2077,351
46567,3707,2869,838
46570,401,320,81
46571,1322,1085,237
46573,1327,1009,318
46574,3566,3017,549
46580,8558,6006,2552
46582,5115,3659,1456
46590,1703,1009,694
46595,42,42,0
46601,2214,503,1711
46613,3566,1970,1596
46614,12344,9109,3235
46615,5495,3410,2085
46616,2097,1140,957
46617,3684,2469,1215
46619,7560,5279,2281
46628,10240,6702,3538
46635,2798,2232,566
46637,6416,4189,2227
46701,3200,2542,658
46702,928,780,148
46703,7319,5167,2152
46704,16,16,0
46705,710,517,193
46706,7644,5707,1937
46710,1590,1327,263
46711,2565,1910,655
46714,5958,4408,1550
46721,1702,1378,324
46723,3121,2637,484
46725,9412,7743,1669
46730,446,385,61
46731,247,201,46
46732,1135,637,498
46733,7639,5743,1896
46737,3320,2810,510
46738,3363,2435,928
46740,1289,1039,250
46741,1426,1268,158
46742,1376,1139,237
46743,770,718,52
46745,849,716,133
46746,1659,1194,465
46747,1068,990,78
46748,1749,1579,170
46750,10596,7798,2798
46755,6252,4414,1838
46759,155,155,0
46760,527,393,134
46761,3830,3072,758
46763,737,715,22
46764,522,488,34
46765,1831,1680,151
46766,363,280,83
46767,2688,2039,649
46770,1121,936,185
46771,0,0,0
46772,808,752,56
46773,1252,1116,136
46774,6292,4953,1339
46776,582,496,86
46777,2336,1972,364
46779,848,703,145
46781,300,280,20
46783,2504,2309,195
46784,827,654,173
46785,490,432,58
46786,28,28,0
46787,1537,1317,220
46788,1120,1036,84
46791,392,353,39
46792,1548,1223,325
46793,1744,1414,330
46794,689,551,138
46795,2436,2057,379
46797,1333,1137,196
46798,580,523,57
46799,99,80,19
46802,4562,1478,3084
46803,3470,1417,2053
46804,11926,8489,3437
46805,9163,5030,4133
46806,8775,4866,3909
46807,6587,4101,2486
46808,8159,4593,3566
46809,3917,2325,1592
46814,4192,3765,427
46815,10688,7799,2889
46816,7501,3748,3753
46818,7706,6519,1187
46819,4086,2904,1182
46825,12329,7776,4553
46835,14039,10010,4029
46845,8253,7432,821
46901,16256,11058,5198
46902,15766,10316,5450
46910,1183,921,262
46911,530,483,47
46913,449,411,38
46914,551,456,95
46915,270,208,62
46917,682,584,98
46919,1057,858,199
46920,410,398,12
46922,11,11,0
46923,3201,2497,704
46926,660,557,103
46928,1809,1493,316
46929,1123,822,301
46930,30,23,7
46931,73,49,24
46932,1373,1196,177
46933,2594,1759,835
46936,2207,1808,399
46938,1212,991,221
46939,801,651,150
46940,1057,905,152
46941,397,354,43
46943,84,50,34
46946,16,16,0
46947,10705,7546,3159
46950,245,211,34
46951,730,660,70
46952,8205,5658,2547
46953,8450,5131,3319
46957,253,182,71
46958,281,262,19
46959,296,149,147
46960,411,299,112
46961,77,53,24
46962,3490,2342,1148
46967,48,19,29
46968,17,17,0
46970,8851,5760,3091
46974,726,593,133
46975,5686,4352,1334
46978,740,615,125
46979,1757,1535,222
46982,934,726,208
46984,108,79,29
46985,603,411,192
46986,671,564,107
46987,403,348,55
46988,362,277,85
46989,1298,994,304
46990,209,201,8
46991,700,550,150
46992,7012,5105,1907
46994,1039,897,142
46996,2713,2130,583
46998,83,75,8
47001,4117,3148,969
47003,435,257,178
47006,4591,3520,1071
47010,118,58,60
47011,293,261,32
47012,4047,3060,987
47016,317,286,31
47017,208,189,19
47018,1570,1115,455
47020,482,270,212
47022,1168,1062,106
47023,617,505,112
47024,1210,937,273
47025,8474,6413,2061
47030,724,693,31
47031,2114,1678,436
47032,1119,1027,92
47034,48,35,13
47035,100,100,0
47036,314,294,20
47037,1674,1282,392
47038,601,461,140
47040,2190,1741,449
47041,2516,2209,307
47042,1699,1280,419
47043,2388,1722,666
47060,2218,1894,324
47102,2695,1980,715
47104,19,19,0
47106,1709,1482,227
47108,808,598,210
47110,193,193,0
47111,5906,4447,1459
47112,6032,4511,1521
47114,105,79,26
47115,1045,888,157
47116,245,236,9
47117,1513,1392,121
47118,1176,991,185
47119,4142,3931,211
47120,251,199,52
47122,3785,3380,405
47123,43,43,0
47124,1573,1460,113
47125,607,488,119
47126,1644,1327,317
47129,8208,4404,3804
47130,18189,12284,5905
47135,383,335,48
47136,1653,1545,108
47137,567,490,77
47138,1898,1799,99
47140,1019,759,260
47141,575,531,44
47142,416,412,4
47143,1017,905,112
47145,719,593,126
47147,360,271,89
47150,19166,11837,7329
47160,30,19,11
47161,1167,965,202
47162,272,247,25
47163,617,586,31
47164,1773,1454,319
47165,2453,1918,535
47166,591,526,65
47167,5849,4302,1547
47170,5524,3778,1746
47172,6404,5318,1086
47175,361,334,27
47177,447,385,62
47201,17357,11591,5766
47203,10423,7931,2492
47220,1983,1425,558
47223,522,366,156
47224,240,202,38
47226,77,67,10
47227,868,775,93
47229,1173,890,283
47230,610,543,67
47231,338,307,31
47232,1173,987,186
47234,633,550,83
47235,491,459,32
47240,8570,5809,2761
47243,2033,1385,648
47244,284,252,32
47246,1628,1339,289
47247,74,54,20
47250,9079,6219,2860
47260,724,602,122
47263,91,65,26
47264,496,404,92
47265,7767,5621,2146
47270,195,171,24
47272,766,596,170
47273,681,626,55
47274,12006,8429,3577
47280,276,228,48
47281,509,424,85
47282,147,121,26
47283,1288,967,321
47302,11158,7223,3935
47303,10405,5100,5305
47304,13351,9163,4188
47305,1728,650,1078
47306,3,0,3
47320,1532,1167,365
47324,70,49,21
47325,192,144,48
47326,677,524,153
47327,1823,1336,487
47330,2097,1656,441
47331,9275,6408,2867
47334,1294,1079,215
47335,290,218,72
47336,1312,959,353
47337,68,48,20
47338,1092,858,234
47339,218,199,19
47340,1180,978,202
47341,902,660,242
47342,1128,889,239
47344,37,29,8
47345,537,407,130
47346,1554,1302,252
47348,3918,3030,888
47351,135,120,15
47352,381,331,50
47353,2201,1610,591
47354,465,381,84
47355,1178,918,260
47356,2242,1843,399
47357,337,271,66
47358,382,349,33
47359,1310,925,385
47360,489,443,46
47361,84,68,16
47362,11204,7772,3432
47367,23,23,0
47368,1218,1037,181
47369,569,426,143
47371,4769,3448,1321
47373,1057,850,207
47374,18465,11580,6885
47380,634,472,162
47381,69,33,36
47382,108,58,50
47383,1160,1008,152
47384,679,564,115
47385,604,476,128
47386,467,444,23
47387,288,230,58
47388,109,87,22
47390,2192,1607,585
47393,535,479,56
47394,3441,2526,915
47396,2776,2170,606
47401,17839,9851,7988
47403,14400,8211,6189
47404,9677,5151,4526
47405,4,4,0
47406,0,0,0
47408,8856,3148,5708
47420,153,66,87
47421,11277,8603,2674
47424,3676,3072,604
47427,315,252,63
47429,3484,2907,577
47431,622,530,92
47432,1976,1443,533
47433,1617,1261,356
47434,0,0,0
47436,561,445,116
47437,82,82,0
47438,1641,1268,373
47441,3953,3030,923
47443,427,300,127
47446,4218,3394,824
47448,3151,2454,697
47449,124,117,7
47451,497,330,167
47452,1916,1415,501
47453,296,235,61
47454,2969,2192,777
47455,33,33,0
47456,558,437,121
47457,52,42,10
47458,9,9,0
47459,1396,1217,179
47460,4604,3597,1007
47462,1546,1294,252
47464,84,51,33
47465,189,144,45
47467,23,23,0
47468,613,553,60
47469,714,535,179
47470,713,560,153
47471,1035,860,175
47501,6858,4710,2148
47512,1687,1136,551
47513,974,873,101
47514,92,85,7
47515,368,346,22
47516,457,388,69
47519,250,247,3
47520,1275,840,435
47521,225,214,11
47522,113,78,35
47523,1334,1022,312
47524,208,140,68
47525,157,133,24
47527,616,552,64
47528,194,137,57
47529,412,307,105
47531,303,293,10
47532,1719,1426,293
47535,264,195,69
47536,0,0,0
47537,393,369,24
47541,473,331,142
47542,3806,2718,1088
47546,8538,6734,1804
47550,285,269,16
47551,346,335,11
47552,106,106,0
47553,3140,2455,685
47557,680,523,157
47558,1219,1083,136
47561,646,493,153
47562,1626,1175,451
47564,580,535,45
47567,2471,2019,452
47568,270,210,60
47574,89,89,0
47575,460,360,100
47576,136,100,36
47577,501,463,38
47578,349,311,38
47579,971,825,146
47580,146,146,0
47581,1591,1347,244
47584,76,70,6
47585,202,146,56
47586,4528,3426,1102
47588,240,210,30
47590,269,250,19
47591,10183,6196,3987
47596,47,39,8
47597,348,272,76
47598,1272,1013,259
47601,5779,4748,1031
47610,2013,1411,602
47611,560,463,97
47612,337,261,76
47613,1146,1038,108
47615,749,524,225
47616,96,55,41
47619,699,592,107
47620,5322,3999,1323
47630,13959,10942,3017
47631,832,702,130
47633,1126,883,243
47634,838,710,128
47635,2262,1658,604
47637,480,406,74
47638,1335,1212,123
47639,1537,1387,150
47640,423,407,16
47648,1682,1225,457
47649,661,567,94
47654,36,18,18
47660,1943,1465,478
47665,1394,1209,185
47666,729,602,127
47670,4796,3387,1409
47683,69,61,8
47708,184,102,82
47710,8074,4524,3550
47711,13160,9936,3224
47712,10507,6720,3787
47713,4446,1958,2488
47714,13607,8127,5480
47715,13102,6409,6693
47720,6932,5846,1086
47725,6320,5821,499
47802,13623,7645,5978
47803,8666,5764,2902
47804,4722,2736,1986
47805,5058,3918,1140
47807,4814,1590,3224
47809,0,0,0
47832,428,382,46
47833,443,420,23
47834,7760,5837,1923
47836,0,0,0
47837,489,348,141
47838,658,476,182
47840,675,550,125
47841,921,711,210
47842,4275,2905,1370
47846,213,189,24
47847,421,348,73
47848,648,574,74
47849,156,135,21
47850,991,846,145
47853,56,22,34
47854,270,270,0
47855,205,151,54
47857,133,115,18
47858,220,205,15
47859,290,258,32
47860,149,127,22
47861,269,235,34
47862,613,412,201
47863,104,73,31
47865,87,83,4
47866,246,246,0
47868,1287,988,299
47869,57,11,46
47871,108,82,26
47872,2930,2116,814
47874,1255,1050,205
47876,0,0,0
47879,1313,1001,312
47880,15,15,0
47881,154,117,37
47882,3442,2244,1198
47884,76,67,9
47885,3561,2796,765
47901,1975,300,1675
47904,6843,3320,3523
47905,17008,10286,6722
47906,23812,10689,13123
47907,0,0,0
47909,16427,10473,5954
47916,17,13,4
47917,179,134,45
47918,2502,1829,673
47920,930,858,72
47921,404,316,88
47922,597,405,192
47923,1408,1093,315
47924,87,87,0
47925,79,70,9
47926,497,444,53
47928,839,643,196
47929,303,251,52
47930,481,373,108
47932,2123,1671,452
47933,11299,7485,3814
47940,646,579,67
47941,523,372,151
47942,289,251,38
47943,308,145,163
47944,1497,1007,490
47946,855,707,148
47948,576,381,195
47949,500,422,78
47950,325,208,117
47951,938,584,354
47952,1237,1024,213
47954,883,728,155
47955,376,278,98
47957,744,576,168
47958,75,59,16
47959,993,743,250
47960,6219,4847,1372
47963,809,624,185
47964,47,41,6
47965,237,183,54
47966,157,154,3
47967,240,190,50
47968,396,356,40
47969,52,34,18
47970,748,533,215
47971,712,599,113
47974,509,370,139
47975,328,244,84
47977,934,647,287
47978,4238,2994,1244
47980,441,393,48
47981,320,258,62
47982,91,83,8
47983,92,45,47
47987,1652,1329,323
47989,471,408,63
47990,709,604,105
47991,398,320,78
47992,612,587,25
47993,1495,1165,330
47994,134,100,34
47995,634,510,124
47997,45,38,7
48001,5308,4373,935
48002,1205,1129,76
48003,2324,2062,262
48005,2021,1834,187
48006,1510,1401,109
48009,9117,6892,2225
48014,1585,1222,363
48015,3539,1769,1770
48017,5680,4093,1587
48021,12439,7911,4528
48022,954,922,32
48023,2021,1677,344
48025,5796,5229,567
48026,6043,4359,1684
48027,1251,1124,127
48028,546,531,15
48030,7244,3600,3644
48032,754,706,48
48033,7574,3201,4373
48034,7240,1491,5749
48035,14474,8422,6052
48036,9156,6500,2656
48038,20076,12491,7585
48039,3237,2609,628
48040,4205,3348,857
48041,1752,1388,364
48042,10491,10329,162
48043,6827,3808,3019
48044,19125,17368,1757
48045,11423,7802,3621
48047,15673,12402,3271
48048,2691,2133,558
48049,2203,2022,181
48050,563,514,49
48051,6303,5317,986
48054,2921,2534,387
48059,5927,4442,1485
48060,16429,9174,7255
48062,3383,2815,568
48063,1564,1271,293
48064,1521,1418,103
48065,4174,3535,639
48066,19956,12483,7473
48067,12299,8214,4085
48069,1035,992,43
48070,2328,2272,56
48071,12816,7306,5510
48072,6643,5460,1183
48073,16196,10811,5385
48074,3548,3199,349
48075,9220,5223,3997
48076,9790,7100,2690
48079,4917,4125,792
48080,10522,7573,2949
48081,8849,7347,1502
48082,7258,6110,1148
48083,9224,5587,3637
48084,6520,3113,3407
48085,8620,7853,767
48088,8957,7250,1707
48089,12355,6570,5785
48091,11755,7645,4110
48092,10390,7849,2541
48093,10217,7776,2441
48094,7564,6325,1239
48095,2054,1865,189
48096,1598,1475,123
48097,2030,1533,497
48098,7004,6384,620
48101,10819,9139,1680
48103,23429,15775,7654
48104,16436,6174,10262
48105,14722,7042,7680
48108,10862,5583,5279
48109,0,0,0
48111,16674,11486,5188
48114,7632,7142,490
48116,11097,9113,1984
48117,3897,3531,366
48118,5063,4085,978
48120,2255,863,1392
48122,3734,1952,1782
48124,11863,9324,2539
48125,7734,5641,2093
48126,12851,6965,5886
48127,12694,9119,3575
48128,3928,3248,680
48130,5752,5110,642
48131,2976,2219,757
48133,2227,1894,333
48134,7910,6359,1551
48135,10681,8701,1980
48137,2000,1918,82
48138,4157,3813,344
48139,43,43,0
48140,1225,1110,115
48141,9130,4145,4985
48143,0,0,0
48144,3892,3478,414
48145,1273,1190,83
48146,14265,9808,4457
48150,10237,8694,1543
48152,12539,10106,2433
48154,14331,12937,1394
48157,598,438,160
48158,2964,2549,415
48159,916,806,110
48160,4497,3670,827
48161,10570,7714,2856
48162,11528,8030,3498
48164,3103,2965,138
48165,2859,2184,675
48166,4296,3648,648
48167,8908,6476,2432
48168,8204,7428,776
48169,8296,7548,748
48170,16597,12718,3879
48173,4663,3752,911
48174,11575,8226,3349
48176,8378,7099,1279
48177,46,36,10
48178,12644,11252,1392
48179,1415,1103,312
48180,23706,15436,8270
48182,8518,7332,1186
48183,17560,12792,4768
48184,6724,3739,2985
48185,21601,11994,9607
48186,13543,9021,4522
48187,18278,12925,5353
48188,14887,12227,2660
48189,5525,4440,1085
48190,53,53,0
48191,1558,1286,272
48192,11166,7959,3207
48193,6274,4071,2203
48195,12692,8163,4529
48197,25262,12861,12401
48198,15937,9063,6874
48201,8338,647,7691
48202,7540,2020,5520
48203,9891,4075,5816
48204,9535,4953,4582
48205,12974,4792,8182
48206,6218,2859,3359
48207,11609,2781,8828
48208,4101,1431,2670
48209,9956,4937,5019
48210,8971,4902,4069
48211,2081,801,1280
48212,10805,6036,4769
48213,8087,3958,4129
48214,9849,3893,5956
48215,4895,2126,2769
48216,2320,889,1431
48217,2860,1736,1124
48218,2870,1614,1256
48219,19214,9981,9233
48220,11273,6996,4277
48221,15325,9747,5578
48223,9847,5509,4338
48224,14210,7985,6225
48225,5489,3138,2351
48226,4045,498,3547
48227,15386,8152,7234
48228,19265,9412,9853
48229,3499,2031,1468
48230,6454,5059,1395
48233,0,0,0
48234,12643,6824,5819
48235,17745,10181,7564
48236,11318,10049,1269
48237,12088,6789,5299
48238,10274,5089,5185
48239,13569,9975,3594
48240,6722,4768,1954
48242,0,0,0
48243,0,0,0
48301,5468,4845,623
48302,6364,5511,853
48304,6379,5845,534
48306,9604,8891,713
48307,17864,11740,6124
48309,11188,8947,2241
48310,14944,10478,4466
48312,13507,9632,3875
48313,13293,9539,3754
48314,8279,6271,2008
48315,10723,9261,1462
48316,10785,8529,2256
48317,11625,7051,4574
48320,2406,1639,767
48322,12303,9132,3171
48323,6454,5930,524
48324,6477,5787,690
48326,9404,4346,5058
48327,9335,6329,3006
48328,11030,6775,4255
48329,9727,8299,1428
48331,8443,6737,1706
48334,7838,4742,3096
48335,10738,4366,6372
48336,10873,7319,3554
48340,9895,4042,5853
48341,6828,3046,3782
48342,6495,2441,4054
48346,8969,6500,2469
48348,8645,8177,468
48350,2693,2446,247
48353,2489,2143,346
48356,3266,2990,276
48357,3185,2909,276
48359,3616,2568,1048
48360,4463,3766,697
48362,6018,4979,1039
48363,2077,2012,65
48367,1681,1548,133
48370,628,564,64
48371,8892,7484,1408
48374,5112,4549,563
48375,8542,5801,2741
48377,7659,3659,4000
48380,2702,2596,106
48381,5504,4215,1289
48382,8354,7781,573
48383,4761,4306,455
48386,6879,6117,762
48390,10369,7644,2725
48393,7174,3979,3195
48397,0,0,0
48401,599,527,72
48411,48,48,0
48412,2002,1795,207
48413,2951,2244,707
48414,966,840,126
48415,3795,3112,683
48416,1854,1563,291
48417,1014,925,89
48418,1480,1310,170
48419,1009,837,172
48420,9001,7141,1860
48421,2462,2279,183
48422,2576,1961,615
48423,14076,9302,4774
48426,397,323,74
48427,1115,863,252
48428,1876,1655,221
48429,3807,2886,921
48430,14727,11451,3276
48432,303,268,35
48433,10260,8858,1402
48434,34,28,6
48435,734,670,64
48436,1438,1302,136
48437,267,190,77
48438,2485,2351,134
48439,19509,14005,5504
48440,96,57,39
48441,1722,1380,342
48442,8034,6537,1497
48444,3400,2477,923
48445,506,418,88
48446,12145,9598,2547
48449,1138,953,185
48450,2359,2051,308
48451,5205,4762,443
48453,1990,1499,491
48454,470,441,29
48455,3065,2666,399
48456,311,294,17
48457,3001,2651,350
48458,7919,5143,2776
48460,921,757,164
48461,2941,2450,491
48462,4832,4423,409
48463,1788,1629,159
48464,788,729,59
48465,266,215,51
48466,594,488,106
48467,1116,971,145
48468,545,504,41
48469,612,494,118
48470,348,282,66
48471,2256,1575,681
48472,662,562,100
48473,8903,7574,1329
48475,1071,901,170
48476,202,191,11
48502,138,11,127
48503,11435,6273,5162
48504,10992,6445,4547
48505,8469,4620,3849
48506,11518,7475,4043
48507,13111,7798,5313
48509,3618,3182,436
48519,3035,2060,975
48529,3848,2313,1535
48532,8287,4960,3327
48551,0,0,0
48553,0,0,0
48554,0,0,0
48601,14378,9044,5334
48602,12234,7303,4931
48603,11847,7678,4169
48604,4107,2836,1271
48607,682,299,383
48609,5127,4538,589
48610,1427,1246,181
48611,2596,2071,525
48612,3994,3309,685
48613,414,355,59
48614,557,468,89
48615,1211,948,263
48616,2987,2469,518
48617,3317,2525,792
48618,2133,1715,418
48619,265,244,21
48621,523,428,95
48622,2505,2164,341
48623,4721,4019,702
48624,6658,5652,1006
48625,5386,4388,998
48626,2319,2066,253
48627,33,32,1
48628,880,812,68
48629,3270,2541,729
48630,17,17,0
48631,1677,1486,191
48632,2112,1830,282
48633,95,90,5
48634,1907,1795,112
48635,765,660,105
48636,390,373,17
48637,1245,1099,146
48638,5562,3805,1757
48640,13377,9615,3762
48642,13154,9709,3445
48647,1945,1522,423
48649,537,487,50
48650,3062,2692,370
48651,2364,1927,437
48652,661,583,78
48653,4677,4079,598
48654,938,820,118
48655,2455,2037,418
48656,1756,1534,222
48657,3384,2975,409
48658,2106,1570,536
48659,1050,884,166
48661,4497,3535,962
48662,664,586,78
48667,0,0,0
48701,606,497,109
48703,1487,1259,228
48705,293,245,48
48706,16620,13161,3459
48708,10934,7602,3332
48710,0,0,0
48720,452,399,53
48721,232,229,3
48722,1330,1145,185
48723,4942,3783,1159
48724,220,186,34
48725,1098,871,227
48726,2309,1904,405
48727,456,414,42
48728,132,123,9
48729,586,548,38
48730,2210,1566,644
48731,685,512,173
48732,4916,3357,1559
48733,706,616,90
48734,3250,2457,793
48735,451,373,78
48737,618,543,75
48738,586,516,70
48739,1972,1784,188
48740,1060,884,176
48741,818,678,140
48742,801,699,102
48743,51,46,5
48744,1744,1467,277
48745,548,465,83
48746,3303,2878,425
48747,594,557,37
48748,895,776,119
48749,477,428,49
48750,3972,2935,1037
48754,365,323,42
48755,1392,1132,260
48756,1979,1613,366
48757,1550,1346,204
48759,1421,1132,289
48760,529,454,75
48761,444,376,68
48762,513,500,13
48763,2021,1759,262
48765,321,290,31
48766,525,451,74
48767,833,754,79
48768,3853,3014,839
48770,776,682,94
48801,5112,3271,1841
48806,664,566,98
48807,347,289,58
48808,2441,1894,547
48809,4073,3088,985
48811,1221,911,310
48813,8061,6255,1806
48815,935,820,115
48816,25,19,6
48817,2433,1668,765
48818,1052,856,196
48819,1010,902,108
48820,6535,5226,1309
48821,2398,2227,171
48822,1056,1018,38
48823,19890,8399,11491
48825,0,0,0
48827,6270,5054,1216
48829,1274,886,388
48831,1391,1062,329
48832,574,515,59
48834,777,633,144
48835,1075,924,151
48836,5048,4211,837
48837,8137,6526,1611
48838,7395,5388,2007
48840,5707,3624,2083
48841,288,267,21
48842,9001,6386,2615
48843,17198,13024,4174
48845,347,289,58
48846,6240,4300,1940
48847,2368,1791,577
48848,2986,2672,314
48849,2340,1888,452
48850,1684,1361,323
48851,839,676,163
48852,62,41,21
48853,259,200,59
48854,7345,5805,1540
48855,5587,4998,589
48856,397,246,151
48857,1055,848,207
48858,17224,8755,8469
48860,607,450,157
48861,573,482,91
48864,9088,5692,3396
48865,783,555,228
48866,1913,1596,317
48867,11338,7974,3364
48870,63,40,23
48871,790,640,150
48872,2680,2091,589
48873,480,428,52
48874,34,34,0
48875,3822,3138,684
48876,1629,1245,384
48877,948,810,138
48878,579,495,84
48879,6794,5318,1476
48880,2446,1706,740
48881,2354,1973,381
48883,2712,2256,456
48884,1701,1434,267
48885,348,292,56
48886,770,657,113
48888,2407,1970,437
48889,552,467,85
48890,829,699,130
48891,1134,893,241
48892,1710,1423,287
48893,2085,1819,266
48894,624,556,68
48895,4507,3632,875
48896,89,76,13
48897,544,440,104
48906,10245,6778,3467
48910,15738,8520,7218
48911,16131,8368,7763
48912,7799,3466,4333
48915,3827,1952,1875
48917,14547,8294,6253
48921,0,0,0
48933,1468,84,1384
49001,8583,4426,4157
49002,8484,5671,2813
49004,6380,4790,1590
49006,10204,3967,6237
49007,4226,1201,3025
49008,6702,3943,2759
49009,18741,12195,6546
49010,6788,5337,1451
49011,812,713,99
49012,1375,1185,190
49013,1964,1520,444
49014,8241,6058,2183
49015,11078,7405,3673
49017,8862,6660,2202
49021,2495,2098,397
49022,13134,7294,5840
49024,11622,7991,3631
49026,946,722,224
49027,45,32,13
49028,2517,1917,600
49029,570,513,57
49030,829,668,161
49031,2980,2155,825
49032,1110,895,215
49033,666,595,71
49034,1073,920,153
49036,8970,6335,2635
49037,8647,4453,4194
49038,3947,2871,1076
49040,1351,933,418
49042,1945,1490,455
49043,830,526,304
49045,1994,1519,475
49046,3411,2938,473
49047,6289,4515,1774
49048,9933,6098,3835
49050,647,605,42
49051,910,825,85
49052,368,296,72
49053,2720,2144,576
49055,2355,2007,348
49056,1369,1168,201
49057,2210,1607,603
49058,7659,5996,1663
49060,663,545,118
49061,616,554,62
49064,1410,1141,269
49065,2549,2156,393
49066,243,207,36
49067,1719,1491,228
49068,6226,4643,1583
49070,1028,925,103
49071,3452,3083,369
49072,1216,1022,194
49073,1952,1457,495
49074,54,0,54
49075,46,24,22
49076,1455,1151,304
49078,3667,2900,767
49079,5239,4026,1213
49080,6047,5009,1038
49082,2262,1900,362
49083,2975,2509,466
49084,8,0,8
49085,10307,7760,2547
49087,2355,2163,192
49088,1450,1300,150
49089,662,505,157
49090,6045,4326,1719
49091,7904,5656,2248
49092,788,615,173
49093,7273,5383,1890
49094,1622,1268,354
49095,876,739,137
49096,1187,1014,173
49097,4254,3629,625
49098,2365,1824,541
49099,2263,1680,583
49101,1301,1086,215
49102,543,399,144
49103,3588,2071,1517
49104,0,0,0
49106,2243,1721,522
49107,4214,3037,1177
49111,1354,1166,188
49112,3877,3310,567
49113,768,641,127
49115,230,230,0
49116,115,115,0
49117,1708,1341,367
49119,57,47,10
49120,14942,10871,4071
49125,1103,953,150
49126,469,399,70
49127,4434,3459,975
49128,1478,1169,309
49129,310,283,27
49130,630,523,107
49201,15673,11537,4136
49202,8557,4456,4101
49203,15677,10411,5266
49220,1018,821,197
49221,14651,10209,4442
49224,5185,3616,1569
49227,473,403,70
49228,2178,1723,455
49229,1211,1090,121
49230,4401,3889,512
49232,944,757,187
49233,1086,936,150
49234,1152,1060,92
49235,816,662,154
49236,1883,1615,268
49237,1130,940,190
49238,634,469,165
49240,3506,3162,344
49241,969,861,108
49242,5661,3823,1838
49245,1826,1344,482
49246,1363,1264,99
49247,2273,1804,469
49248,305,254,51
49249,1589,1372,217
49250,2433,1959,474
49251,2273,1947,326
49252,1036,737,299
49253,1270,1156,114
49254,1378,1107,271
49255,722,578,144
49256,1583,1196,387
49259,900,819,81
49261,88,68,20
49262,490,354,136
49263,29,21,8
49264,721,664,57
49265,2129,1879,250
49266,1269,1046,223
49267,1524,1273,251
49268,492,367,125
49269,2219,1888,331
49270,2144,1881,263
49271,768,644,124
49272,1044,974,70
49274,1297,1035,262
49276,345,324,21
49277,1421,1241,180
49279,331,271,60
49282,143,120,23
49283,1175,895,280
49284,1212,942,270
49285,2138,1779,359
49286,5845,4579,1266
49287,803,749,54
49288,527,407,120
49289,79,51,28
49301,6763,6377,386
49302,2938,2797,141
49303,342,300,42
49304,1566,1153,413
49305,910,746,164
49306,3892,3711,181
49307,7001,4038,2963
49309,731,599,132
49310,1100,985,115
49312,124,110,14
49315,8081,7034,1047
49316,8080,6997,1083
49318,564,516,48
49319,6313,5394,919
49320,44,44,0
49321,6816,4213,2603
49322,482,382,100
49323,3514,3306,208
49325,662,587,75
49326,1695,1479,216
49327,3112,2482,630
49328,1456,1281,175
49329,3028,2640,388
49330,1828,1538,290
49331,6485,5315,1170
49332,1183,1013,170
49333,4234,3556,678
49335,151,151,0
49336,1530,1315,215
49337,4950,4054,896
49338,698,583,115
49339,810,709,101
49340,1061,838,223
49341,12712,11596,1116
49342,704,543,161
49343,2101,1770,331
49344,1337,1111,226
49345,5095,4226,869
49346,2344,2210,134
49347,505,424,81
49348,4596,3530,1066
49349,3065,2517,548
49401,6631,3251,3380
49402,586,493,93
49403,950,879,71
49404,3023,2520,503
49405,574,511,63
49406,405,312,93
49408,3773,3204,569
49410,822,667,155
49411,621,586,35
49412,4417,3531,886
49415,2612,2360,252
49417,12395,9790,2605
49418,10770,8203,2567
49419,2752,2579,173
49420,2350,1734,616
49421,2286,1964,322
49423,16582,11412,5170
49424,17783,13361,4422
49425,1334,1066,268
49426,12406,11191,1215
49428,10080,8573,1507
49431,7548,5563,1985
49434,6,6,0
49435,1333,1245,88
49436,669,603,66
49437,2769,2259,510
49440,686,119,567
49441,15406,10482,4924
49442,15087,9858,5229
49444,9949,7056,2893
49445,8134,7378,756
49446,967,871,96
49448,1478,1373,105
49449,1169,1018,151
49450,997,589,408
49451,2109,1862,247
49452,678,600,78
49453,1163,963,200
49454,1679,1377,302
49455,1861,1391,470
49456,7848,6185,1663
49457,3757,3248,509
49458,48,43,5
49459,503,406,97
49460,2998,2804,194
49461,3561,2916,645
49464,9843,8653,1190
49503,15593,6091,9502
49504,15189,9197,5992
49505,13150,8559,4591
49506,12242,9042,3200
49507,12151,6882,5269
49508,14996,8805,6191
49509,9964,6797,3167
49512,7540,3146,4394
49519,11315,6180,5135
49525,11299,8961,2338
49534,8798,6009,2789
49544,4028,2254,1774
49546,12866,8580,4286
49548,11979,8123,3856
49601,8711,6508,2203
49611,98,88,10
49612,529,479,50
49613,292,268,24
49614,1044,967,77
49615,1682,1439,243
49616,738,583,155
49617,1284,1191,93
49618,278,254,24
49619,401,348,53
49620,1017,843,174
49621,1372,1243,129
49622,1126,952,174
49623,412,388,24
49625,462,422,40
49626,167,161,6
49627,77,66,11
49628,74,71,3
49629,1034,810,224
49630,649,583,66
49631,2413,1922,491
49632,450,361,89
49633,1567,1373,194
49634,22,22,0
49635,1480,1275,205
49636,201,201,0
49637,1369,1217,152
49638,352,302,50
49639,868,728,140
49640,627,589,38
49642,346,253,93
49643,2562,2304,258
49644,912,864,48
49645,614,536,78
49646,3524,2627,897
49648,955,897,58
49649,2219,1939,280
49650,1151,1092,59
49651,3315,2654,661
49653,811,683,128
49654,317,259,58
49655,1213,1079,134
49656,572,511,61
49657,1328,1072,256
49659,2621,2258,363
49660,5631,4359,1272
49663,2232,1791,441
49664,860,764,96
49665,1662,1381,281
49666,69,69,0
49667,250,207,43
49668,1322,1026,296
49670,937,841,96
49674,28,28,0
49675,414,353,61
49676,1473,1270,203
49677,2877,2249,628
49679,479,439,40
49680,701,592,109
49682,1644,1354,290
49683,780,668,112
49684,16619,12247,4372
49686,14058,10593,3465
49688,985,880,105
49689,584,537,47
49690,2802,2279,523
49701,483,314,169
49705,354,273,81
49706,1835,1483,352
49707,9970,7458,2512
49709,1617,1437,180
49710,219,160,59
49712,3462,2821,641
49713,871,755,116
49715,1292,1088,204
49716,342,321,21
49717,86,86,0
49718,312,275,37
49719,649,511,138
49720,3974,3048,926
49721,6241,5019,1222
49722,142,117,25
49724,404,375,29
49725,330,310,20
49726,550,485,65
49727,3018,2556,462
49728,115,95,20
49729,657,555,102
49730,817,739,78
49733,879,756,123
49735,7970,6183,1787
49736,233,216,17
49738,4142,3210,932
49740,3232,2783,449
49743,332,308,24
49744,355,338,17
49745,465,379,86
49746,1491,1268,223
49747,820,705,115
49748,83,72,11
49749,1864,1499,365
49751,889,803,86
49752,233,181,52
49753,891,845,46
49755,884,740,144
49756,1697,1484,213
49757,447,189,258
49759,726,689,37
49760,320,293,27
49762,343,301,42
49764,104,27,77
49765,1678,1487,191
49766,906,716,190
49768,190,159,31
49769,686,522,164
49770,7471,4918,2553
49774,754,651,103
49775,50,47,3
49776,808,687,121
49777,830,806,24
49779,1989,1673,316
49780,681,611,70
49781,1839,1209,630
49782,272,242,30
49783,7963,4917,3046
49788,1067,444,623
49791,132,106,26
49793,122,103,19
49795,858,671,187
49796,208,161,47
49799,868,775,93
49801,4720,3724,996
49802,2764,1878,886
49805,145,132,13
49806,216,207,9
49807,1394,1216,178
49808,125,112,13
49812,388,334,54
49814,560,506,54
49815,165,140,25
49816,296,281,15
49817,244,227,17
49818,433,407,26
49819,9,9,0
49820,141,99,42
49821,602,534,68
49822,94,79,15
49825,85,80,5
49826,89,74,15
49827,407,341,66
49829,7748,5419,2329
49831,336,328,8
49833,148,126,22
49834,78,74,4
49835,405,374,31
49836,381,355,26
49837,3991,3504,487
49838,235,207,28
49839,166,131,35
49840,270,248,22
49841,2897,1857,1040
49847,449,340,109
49848,45,45,0
49849,5093,4044,1049
49852,48,41,7
49853,529,492,37
49854,2613,2081,532
49855,12431,7375,5056
49858,5741,4238,1503
49861,254,240,14
49862,1493,1195,298
49863,69,69,0
49864,41,34,7
49866,3147,2500,647
49868,1695,1314,381
49870,1636,1242,394
49871,207,176,31
49872,73,59,14
49873,50,50,0
49874,337,251,86
49876,463,423,40
49877,8,7,1
49878,1500,1325,175
49879,458,422,36
49880,451,404,47
49881,121,99,22
49883,50,47,3
49884,124,112,12
49885,881,801,80
49886,246,205,41
49887,1109,921,188
49891,220,202,18
49892,804,725,79
49893,722,645,77
49894,266,244,22
49895,282,257,25
49896,604,446,158
49901,118,114,4
49902,73,69,4
49903,56,41,15
49905,601,528,73
49908,894,632,262
49910,161,155,6
49911,1204,934,270
49912,449,400,49
49913,2764,2149,615
49915,206,170,36
49916,1056,888,168
49917,92,87,5
49918,50,41,9
49919,94,88,6
49920,1891,1624,267
49921,169,87,82
49922,295,225,70
49925,207,185,22
49927,209,195,14
49929,76,74,2
49930,2688,1601,1087
49931,3148,1301,1847
49934,322,282,40
49935,2858,2172,686
49938,3509,2682,827
49942,105,76,29
49945,1115,942,173
49946,1598,1299,299
49947,264,252,12
49948,234,217,17
49950,650,555,95
49952,47,43,4
49953,1244,1034,210
49955,157,152,5
49958,360,346,14
49959,167,124,43
49960,77,70,7
49961,41,39,2
49962,105,105,0
49963,380,307,73
49965,196,195,1
49967,216,200,16
49968,935,768,167
49969,574,480,94
49970,119,113,6
49971,223,213,10
50001,254,218,36
50002,613,442,171
50003,2798,2293,505
50005,361,317,44
50006,689,520,169
50007,161,161,0
50008,393,319,74
50009,7037,5185,1852
50010,14588,7644,6944
50011,0,0,0
50012,7,0,7
50014,12311,3999,8312
50020,590,447,143
50021,10444,7704,2740
50022,3835,2539,1296
50023,13280,10244,3036
50025,1475,1122,353
50026,276,233,43
50027,127,96,31
50028,665,514,151
50029,232,193,39
50032,133,133,0
50033,8,4,4
50034,155,122,33
50035,2492,2132,360
50036,6896,5173,1723
50038,50,50,0
50039,137,117,20
50041,34,34,0
50042,126,108,18
50044,374,272,102
50046,573,481,92
50047,2283,1851,432
50048,325,262,63
50049,2755,2022,733
50050,327,242,85
50051,119,79,40
50052,62,56,6
50054,1137,919,218
50055,326,243,83
50056,532,427,105
50057,95,95,0
50058,785,636,149
50060,1058,857,201
50061,653,606,47
50062,274,207,67
50063,927,735,192
50064,79,66,13
50065,311,201,110
50066,81,65,16
50067,113,87,26
50068,130,122,8
50069,405,330,75
50070,633,545,88
50071,485,405,80
50072,936,728,208
50073,460,350,110
50074,197,176,21
50075,328,247,81
50076,691,554,137
50078,80,56,24
50101,11,8,3
50102,48,48,0
50103,186,156,30
50104,37,26,11
50105,339,279,60
50106,360,274,86
50107,469,351,118
50108,207,163,44
50109,1200,1070,130
50111,5107,3872,1235
50112,4681,2995,1686
50115,1125,811,314
50116,100,99,1
50117,62,48,14
50118,385,379,6
50119,146,103,43
50120,139,129,10
50122,519,429,90
50123,341,268,73
50124,1451,1189,262
50125,7805,5559,2246
50126,2887,2153,734
50127,8,8,0
50128,166,127,39
50129,2077,1493,584
50130,624,517,107
50131,8205,6001,2204
50132,98,81,17
50133,175,122,53
50134,260,185,75
50135,626,526,100
50136,182,137,45
50138,4974,3554,1420
50139,494,433,61
50140,1013,547,466
50141,197,164,33
50142,367,271,96
50143,247,193,54
50144,1114,728,386
50146,199,193,6
50147,140,118,22
50148,183,153,30
50149,381,317,64
50150,445,397,48
50151,241,215,26
50153,334,249,85
50154,175,139,36
50155,148,101,47
50156,1881,1580,301
50157,340,274,66
50158,11747,8054,3693
50160,192,127,65
50161,758,645,113
50162,520,390,130
50163,393,260,133
50164,207,155,52
50165,60,58,2
50166,637,561,76
50167,244,193,51
50168,304,254,50
50169,1002,629,373
50170,1154,971,183
50171,1112,869,243
50173,350,261,89
50174,597,504,93
50201,3353,2506,847
50206,193,157,36
50207,852,724,128
50208,8061,5646,2415
50210,666,602,64
50211,4984,3892,1092
50212,1309,1055,254
50213,2821,1862,959
50214,316,234,82
50216,1049,886,163
50217,290,205,85
50218,77,57,20
50219,5128,3372,1756
50220,3468,2149,1319
50222,184,182,2
50223,281,208,73
50225,1207,924,283
50226,1988,1754,234
50227,9,8,1
50228,1053,797,256
50229,313,303,10
50230,446,363,83
50231,71,57,14
50232,164,122,42
50233,562,500,62
50234,242,222,20
50235,174,135,39
50236,612,504,108
50237,1259,1134,125
50238,474,421,53
50239,35,22,13
50240,1145,950,195
50242,195,154,41
50243,78,71,7
50244,689,572,117
50246,282,211,71
50247,922,756,166
50248,1758,1244,514
50249,523,411,112
50250,923,704,219
50251,525,397,128
50252,76,66,10
50254,102,102,0
50255,37,37,0
50256,175,145,30
50257,403,316,87
50258,405,327,78
50261,921,789,132
50262,172,158,14
50263,9219,6895,2324
50264,186,142,44
50265,13391,8803,4588
50266,13080,7247,5833
50268,441,314,127
50271,245,190,55
50272,52,44,8
50273,3331,2506,825
50274,115,70,45
50275,271,222,49
50276,902,692,210
50277,182,126,56
50278,322,258,64
50309,4293,446,3847
50310,13186,8779,4407
50311,5745,2878,2867
50312,7607,4527,3080
50313,6543,4678,1865
50314,3947,1625,2322
50315,14183,9012,5171
50316,5668,3255,2413
50317,14541,10134,4407
50319,0,0,0
50320,7647,5198,2449
50321,3408,2023,1385
50322,12982,9318,3664
50323,4864,4572,292
50324,2160,1568,592
50325,6539,5199,1340
50327,4266,3269,997
50401,13041,8596,4445
50420,130,105,25
50421,1335,980,355
50423,1154,904,250
50424,618,513,105
50426,24,17,7
50428,4147,2988,1159
50430,208,153,55
50431,85,69,16
50432,128,93,35
50433,128,123,5
50434,175,140,35
50435,281,245,36
50436,2394,1793,601
50438,1726,1350,376
50439,88,76,12
50440,221,162,59
50441,2195,1542,653
50444,152,131,21
50446,208,159,49
50447,537,398,139
50448,297,249,48
50449,326,219,107
50450,1294,863,431
50451,230,190,40
50452,370,239,131
50453,235,202,33
50454,40,40,0
50455,173,166,7
50456,754,530,224
50457,159,141,18
50458,936,809,127
50459,1281,1010,271
50460,170,156,14
50461,2398,1945,453
50464,226,180,46
50465,95,67,28
50466,587,506,81
50467,43,38,5
50468,631,516,115
50469,601,520,81
50470,117,80,37
50471,285,209,76
50472,941,773,168
50473,128,122,6
50475,651,547,104
50476,338,283,55
50477,108,92,16
50478,387,303,84
50479,279,205,74
50480,347,302,45
50482,368,313,55
50483,286,240,46
50484,174,143,31
50501,11532,7470,4062
50510,448,346,102
50511,3240,2273,967
50514,684,510,174
50515,115,89,26
50516,254,219,35
50517,450,348,102
50518,162,139,23
50519,259,206,53
50520,42,37,5
50521,106,59,47
50522,350,317,33
50523,265,178,87
50524,244,175,69
50525,1558,1098,460
50527,101,84,17
50528,136,83,53
50529,347,279,68
50530,466,342,124
50531,119,97,22
50532,344,259,85
50533,1742,1145,597
50535,443,296,147
50536,1831,1341,490
50538,238,178,60
50539,224,189,35
50540,399,336,63
50541,365,290,75
50542,411,324,87
50543,612,490,122
50544,165,121,44
50545,91,88,3
50546,127,111,16
50548,2552,1747,805
50551,45,32,13
50554,767,584,183
50556,105,97,8
50557,354,268,86
50558,264,241,23
50559,129,90,39
50560,267,179,88
50561,168,123,45
50562,172,144,28
50563,1167,897,270
50565,178,150,28
50566,176,153,23
50567,132,110,22
50568,645,506,139
50569,323,255,68
50570,83,64,19
50571,182,147,35
50573,35,31,4
50574,985,769,216
50575,451,342,109
50576,142,103,39
50577,178,150,28
50578,303,223,80
50579,998,761,237
50581,388,231,157
50582,128,103,25
50583,1251,891,360
50585,530,415,115
50586,128,115,13
50588,4381,2589,1792
50590,400,330,70
50591,153,127,26
50593,18,18,0
50594,98,74,24
50595,3916,2720,1196
50597,546,411,135
50598,394,332,62
50599,189,140,49
50601,1101,858,243
50602,632,452,180
50603,233,194,39
50604,801,673,128
50605,120,72,48
50606,307,241,66
50607,175,153,22
50609,194,162,32
50611,150,114,36
50612,169,156,13
50613,16270,10652,5618
50616,4365,2923,1442
50619,983,717,266
50620,19,17,2
50621,645,462,183
50622,1283,1092,191
50624,668,539,129
50625,442,357,85
50626,678,558,120
50627,1264,953,311
50628,487,402,85
50629,817,710,107
50630,813,657,156
50632,466,414,52
50633,165,138,27
50634,350,275,75
50635,663,524,139
50636,824,690,134
50638,1424,1119,305
50641,566,399,167
50642,201,149,52
50643,1077,939,138
50644,3565,2679,886
50645,456,376,80
50647,816,721,95
50648,1571,1311,260
50650,347,273,74
50651,1370,1125,245
50652,45,33,12
50653,235,186,49
50654,167,138,29
50655,316,271,45
50658,991,810,181
50659,2324,1803,521
50660,504,401,103
50662,2954,2020,934
50664,38,38,0
50665,1240,999,241
50666,409,343,66
50667,301,271,30
50668,451,415,36
50669,984,777,207
50670,900,747,153
50671,89,72,17
50672,259,197,62
50673,69,55,14
50674,1513,1297,216
50675,989,709,280
50676,867,707,160
50677,4586,3601,985
50680,511,442,69
50681,195,173,22
50682,669,525,144
50701,13051,8579,4472
50702,8388,5332,3056
50703,7724,4411,3313
50707,3443,2350,1093
50801,3965,2675,1290
50830,706,527,179
50833,966,768,198
50835,45,45,0
50836,135,110,25
50837,156,134,22
50839,22,22,0
50840,199,165,34
50841,1117,862,255
50842,40,38,2
50843,206,150,56
50845,303,234,69
50846,422,320,102
50847,49,43,6
50848,159,132,27
50849,1122,863,259
50851,876,594,282
50853,300,215,85
50854,1054,795,259
50857,125,111,14
50858,330,271,59
50859,262,209,53
50860,90,79,11
50861,111,104,7
50862,66,53,13
50863,95,58,37
50864,915,672,243
51001,935,737,198
51002,1163,853,310
51003,678,573,105
51004,434,355,79
51005,641,540,101
51006,430,336,94
51007,204,188,16
51008,61,55,6
51009,72,61,11
51010,169,136,33
51011,33,25,8
51012,2902,1988,914
51014,199,163,36
51016,519,471,48
51018,113,94,19
51019,341,285,56
51020,265,225,40
51022,270,218,52
51023,1226,989,237
51024,754,629,125
51025,859,695,164
51026,318,274,44
51027,530,416,114
51028,867,655,212
51029,153,138,15
51030,644,564,80
51031,5010,3787,1223
51033,188,135,53
51034,810,638,172
51035,801,618,183
51036,307,270,37
51037,180,130,50
51038,715,624,91
51039,1009,757,252
51040,1614,953,661
51041,2361,1906,455
51044,108,79,29
51046,796,637,159
51047,303,256,47
51048,251,169,82
51049,226,204,22
51050,1024,803,221
51051,35,25,10
51052,367,273,94
51053,439,365,74
51054,2107,1656,451
51055,602,481,121
51056,140,118,22
51058,377,288,89
51060,286,219,67
51061,189,167,22
51062,218,168,50
51063,483,371,112
51101,423,44,379
51103,5899,3608,2291
51104,8512,5376,3136
51105,3814,1757,2057
51106,10616,7218,3398
51108,2007,1704,303
51109,1206,762,444
51111,82,0,82
51201,2560,1628,932
51230,118,109,9
51231,144,97,47
51232,317,247,70
51234,507,460,47
51235,506,435,71
51237,680,555,125
51238,487,438,49
51239,1068,915,153
51240,780,567,213
51241,683,614,69
51242,83,79,4
51243,372,278,94
51244,32,30,2
51245,559,380,179
51246,1337,1121,216
51247,1837,1377,460
51248,807,661,146
51249,1395,1006,389
51250,2735,2115,620
51301,5603,3706,1897
51331,637,447,190
51333,251,187,64
51334,2927,2260,667
51338,429,344,85
51341,21,14,7
51342,536,396,140
51343,167,111,56
51345,176,132,44
51346,947,728,219
51347,653,568,85
51350,244,202,42
51351,1944,1532,412
51354,441,367,74
51355,446,368,78
51357,234,190,44
51358,542,395,147
51360,4030,3192,838
51363,79,70,9
51364,312,235,77
51365,117,108,9
51366,120,104,16
51401,5234,3875,1359
51430,326,307,19
51431,191,163,28
51433,245,185,60
51436,356,283,73
51439,412,335,77
51440,128,121,7
51441,219,180,39
51442,3270,2208,1062
51443,686,530,156
51444,103,84,19
51445,1265,864,401
51446,260,195,65
51447,107,90,17
51448,219,168,51
51449,934,759,175
51450,707,604,103
51451,57,51,6
51453,305,268,37
51454,588,479,109
51455,988,759,229
51458,612,538,74
51459,34,29,5
51461,515,393,122
51462,481,393,88
51463,222,183,39
51465,336,284,52
51466,392,336,56
51467,294,268,26
51501,13899,8178,5721
51503,14758,10345,4413
51510,1356,1060,296
51520,95,73,22
51521,817,627,190
51523,175,145,30
51525,474,393,81
51526,691,634,57
51527,195,173,22
51528,347,247,100
51529,754,517,237
51530,282,227,55
51531,287,236,51
51532,312,215,97
51533,359,233,126
51534,3321,2488,833
51535,734,591,143
51536,175,159,16
51537,2943,2184,759
51540,149,135,14
51541,136,117,19
51542,400,353,47
51543,239,173,66
51544,319,252,67
51545,141,115,26
51546,1117,889,228
51548,173,153,20
51549,230,189,41
51550,68,64,4
51551,714,590,124
51552,130,106,24
51553,427,328,99
51554,76,71,5
51555,2146,1478,668
51556,182,158,24
51557,384,343,41
51558,208,180,28
51559,659,531,128
51560,798,585,213
51561,573,500,73
51562,152,133,19
51563,275,202,73
51564,214,175,39
51565,171,133,38
51566,2968,1963,1005
51570,435,331,104
51571,211,184,27
51572,229,196,33
51573,435,335,100
51575,569,469,100
51576,760,642,118
51577,510,361,149
51578,28,23,5
51579,968,728,240
51601,2468,1677,791
51630,89,89,0
51631,114,85,29
51632,2717,1976,741
51636,171,140,31
51637,93,77,16
51638,563,454,109
51639,372,251,121
51640,660,482,178
51645,135,106,29
51646,360,288,72
51647,65,56,9
51648,110,94,16
51649,121,108,13
51650,155,130,25
51652,673,495,178
51653,631,429,202
51654,161,132,29
51656,21,17,4
52001,17446,10953,6493
52002,6583,4721,1862
52003,5361,4567,794
52030,170,111,59
52031,2090,1758,332
52032,614,583,31
52033,1283,939,344
52035,437,391,46
52037,464,416,48
52038,220,182,38
52039,353,345,8
52040,2403,2021,382
52041,668,609,59
52042,618,527,91
52043,996,707,289
52044,51,33,18
52045,910,758,152
52046,955,773,182
52047,279,225,54
52048,154,109,45
52049,614,449,165
52050,185,145,40
52052,1432,1045,387
52053,417,373,44
52054,356,295,61
52057,3271,2601,670
52060,3687,2731,956
52064,382,301,81
52065,418,346,72
52066,37,26,11
52068,1543,1363,180
52069,603,479,124
52070,422,354,68
52072,85,70,15
52073,500,443,57
52074,140,131,9
52076,933,684,249
52077,154,117,37
52078,262,231,31
52079,374,298,76
52101,5123,3863,1260
52132,834,648,186
52133,242,214,28
52134,150,120,30
52135,331,299,32
52136,2504,1909,595
52140,313,262,51
52141,590,472,118
52142,576,413,163
52144,564,529,35
52146,434,390,44
52147,462,412,50
52151,770,595,175
52154,403,347,56
52155,596,503,93
52156,234,210,24
52157,869,634,235
52158,128,102,26
52159,1006,792,214
52160,402,308,94
52161,616,536,80
52162,1248,807,441
52163,154,131,23
52164,141,124,17
52165,328,265,63
52166,50,45,5
52168,105,90,15
52169,153,128,25
52170,227,195,32
52171,343,269,74
52172,2701,2131,570
52175,1510,1064,446
52201,561,452,109
52202,351,301,50
52203,824,746,78
52205,3415,2538,877
52206,890,823,67
52207,173,145,28
52208,1304,1027,277
52209,430,367,63
52210,250,190,60
52211,1126,831,295
52212,119,84,35
52213,1511,1315,196
52214,1424,1192,232
52215,303,284,19
52216,556,423,133
52217,253,208,45
52218,700,583,117
52219,92,67,25
52220,144,144,0
52221,113,110,3
52222,246,210,36
52223,549,479,70
52224,832,696,136
52225,127,122,5
52227,1005,873,132
52228,1193,1110,83
52229,287,229,58
52231,83,73,10
52232,80,57,23
52233,3046,1864,1182
52235,367,240,127
52236,280,280,0
52237,612,499,113
52240,14879,7845,7034
52241,8012,4279,3733
52242,0,0,0
52245,9156,6041,3115
52246,10325,4349,5976
52247,1922,1404,518
52248,721,569,152
52249,392,310,82
52251,238,204,34
52253,1324,1093,231
52254,374,270,104
52255,595,460,135
52257,98,88,10
52301,1539,1112,427
52302,16507,12772,3735
52305,238,192,46
52306,696,574,122
52307,94,54,40
52308,76,68,8
52309,174,163,11
52310,2643,1992,651
52312,42,29,13
52313,121,95,26
52314,1810,1460,350
52315,512,396,116
52316,606,474,132
52317,7679,5429,2250
52318,355,298,57
52320,530,396,134
52321,174,121,53
52322,1097,1010,87
52323,371,263,108
52324,726,658,68
52325,371,318,53
52326,215,166,49
52327,1215,1027,188
52328,1050,998,52
52329,359,317,42
52330,298,225,73
52332,809,668,141
52333,2493,2230,263
52334,59,59,0
52335,336,276,60
52336,922,825,97
52337,288,206,82
52338,1291,1182,109
52339,1431,884,547
52340,1239,808,431
52341,465,399,66
52342,1316,975,341
52345,549,477,72
52346,502,383,119
52347,592,446,146
52348,34,34,0
52349,3048,2504,544
52351,503,481,22
52352,551,505,46
52353,3812,2373,1439
52354,175,147,28
52355,123,106,17
52356,955,773,182
52358,1448,1273,175
52359,101,73,28
52361,1953,1381,572
52362,373,302,71
52401,941,246,695
52402,16928,11953,4975
52403,9777,7505,2272
52404,16392,10774,5618
52405,10761,7978,2783
52411,2829,2803,26
52501,12063,8543,3520
52530,517,419,98
52531,2453,1806,647
52533,475,377,98
52534,140,113,27
52535,405,333,72
52536,416,345,71
52537,2620,2133,487
52540,566,368,198
52542,143,128,15
52543,104,70,34
52544,3338,2246,1092
52548,40,35,5
52549,285,271,14
52550,201,151,50
52551,205,198,7
52552,363,303,60
52553,694,568,126
52554,599,510,89
52555,163,148,15
52556,5171,3341,1830
52557,0,0,0
52560,149,127,22
52561,349,249,100
52563,603,353,250
52565,752,564,188
52566,79,69,10
52567,317,268,49
52569,328,298,30
52570,298,269,29
52571,661,564,97
52572,403,294,109
52573,45,45,0
52574,334,269,65
52576,254,205,49
52577,6174,4164,2010
52580,278,240,38
52581,125,90,35
52583,140,120,20
52584,188,155,33
52585,409,300,109
52586,192,154,38
52588,9,9,0
52590,426,337,89
52591,1268,1015,253
52593,70,60,10
52594,119,111,8
52595,153,92,61
52601,12530,8897,3633
52619,249,162,87
52620,342,277,65
52621,272,192,80
52623,726,610,116
52624,126,109,17
52625,1029,768,261
52626,559,462,97
52627,5165,3801,1364
52630,202,153,49
52632,5181,3611,1570
52635,335,205,130
52637,1008,751,257
52638,209,163,46
52639,819,675,144
52640,530,431,99
52641,4668,3157,1511
52644,163,135,28
52645,1417,1109,308
52646,123,103,20
52647,92,67,25
52649,347,289,58
52650,336,285,51
52651,266,216,50
52653,1315,1055,260
52654,580,410,170
52655,1764,1273,491
52656,1077,916,161
52657,29,21,8
52658,369,354,15
52659,560,414,146
52660,52,52,0
52701,37,32,5
52720,404,281,123
52721,303,254,49
52722,14594,11216,3378
52726,1852,1743,109
52727,168,120,48
52728,423,352,71
52729,350,292,58
52730,2249,1798,451
52731,311,268,43
52732,11394,7998,3396
52737,142,129,13
52738,1433,953,480
52739,186,105,81
52742,2934,2254,680
52745,270,209,61
52746,412,357,55
52747,769,590,179
52748,3499,2680,819
52749,354,326,28
52750,215,206,9
52751,400,302,98
52752,210,181,29
52753,2054,1751,303
52754,611,553,58
52755,746,560,186
52756,743,686,57
52757,88,79,9
52758,73,60,13
52760,171,151,20
52761,11892,8447,3445
52765,159,130,29
52766,372,346,26
52767,81,64,17
52768,633,545,88
52769,242,201,41
52772,2188,1718,470
52773,1038,808,230
52774,48,38,10
52776,1668,1168,500
52777,452,375,77
52778,1781,1365,416
52801,661,6,655
52802,3784,2483,1301
52803,8851,5464,3387
52804,10799,7257,3542
52806,10859,7344,3515
52807,6326,3500,2826
53001,770,674,96
53002,943,780,163
53003,66,60,6
53004,1306,1105,201
53005,7617,6708,909
53006,708,537,171
53007,902,418,484
53010,3022,2518,504
53011,885,760,125
53012,7402,5822,1580
53013,1304,1016,288
53014,3275,2438,837
53015,1031,914,117
53016,129,101,28
53017,2126,2065,61
53018,3150,2414,736
53019,764,681,83
53020,1592,1297,295
53021,1969,1578,391
53022,7679,6052,1627
53023,525,467,58
53024,7024,4983,2041
53027,9031,6663,2368
53029,7896,6293,1603
53031,0,0,0
53032,1856,1254,602
53033,2116,2028,88
53034,689,492,197
53035,985,806,179
53036,1120,870,250
53037,3874,2976,898
53038,1606,1217,389
53039,1663,1234,429
53040,3105,2535,570
53042,2870,2356,514
53044,946,858,88
53045,8508,7052,1456
53046,498,425,73
53047,15,15,0
53048,1438,813,625
53049,1125,1006,119
53050,2705,1879,826
53051,15074,11381,3693
53057,620,525,95
53058,1397,936,461
53059,746,626,120
53061,2122,1683,439
53063,631,575,56
53065,885,737,148
53066,13547,10778,2769
53069,313,299,14
53070,1850,1530,320
53072,10635,7833,2802
53073,6256,4310,1946
53074,5432,3674,1758
53075,1364,1048,316
53076,1354,1195,159
53078,684,620,64
53079,612,539,73
53080,2390,1674,716
53081,17983,11016,6967
53083,8062,5933,2129
53085,4986,3542,1444
53086,3284,2579,705
53088,195,132,63
53089,7313,5885,1428
53090,8649,6511,2138
53091,831,673,158
53092,8589,6870,1719
53093,788,713,75
53094,7569,4719,2850
53095,11916,8373,3543
53097,2044,1850,194
53098,4661,3218,1443
53103,1491,1385,106
53104,2127,1826,301
53105,11487,8623,2864
53108,1309,1252,57
53110,7656,4405,3251
53114,992,733,259
53115,6354,4143,2211
53118,2829,2383,446
53119,2032,1819,213
53120,3900,3124,776
53121,7288,5142,2146
53122,2293,2142,151
53125,802,702,100
53126,2716,2244,472
53128,3120,2393,727
53129,5943,4138,1805
53130,3103,1876,1227
53132,13498,10350,3148
53137,628,560,68
53139,1052,890,162
53140,11723,5346,6377
53142,12217,9300,2917
53143,8774,4862,3912
53144,9812,5316,4496
53146,3161,2942,219
53147,7037,4661,2376
53149,7421,6207,1214
53150,9521,7974,1547
53151,13403,9796,3607
53153,900,795,105
53154,14466,8644,5822
53156,1205,928,277
53158,6265,5194,1071
53167,389,166,223
53168,3355,2704,651
53170,893,650,243
53172,8614,5083,3531
53177,2610,1938,672
53178,1141,866,275
53179,2512,2020,492
53181,2848,2134,714
53182,3409,2527,882
53183,1057,838,219
53184,1596,1045,551
53185,7167,6285,882
53186,13928,7655,6273
53188,14471,9480,4991
53189,9898,7887,2011
53190,6434,3098,3336
53191,1248,950,298
53192,51,51,0
53195,61,43,18
53202,15443,3363,12080
53203,909,125,784
53204,12951,3368,9583
53205,3413,1004,2409
53206,8165,2739,5426
53207,16535,9478,7057
53208,11993,4443,7550
53209,18691,8794,9897
53210,9812,3604,6208
53211,14290,5880,8410
53212,13012,3696,9316
53213,11509,6898,4611
53214,15858,7940,7918
53215,19135,8932,10203
53216,13133,5944,7189
53217,11717,8877,2840
53218,14036,6137,7899
53219,14978,9432,5546
53220,11470,6939,4531
53221,15839,9302,6537
53222,11264,7417,3847
53223,12180,6386,5794
53224,8109,3957,4152
53225,9701,3794,5907
53226,8180,4970,3210
53227,11008,5163,5845
53228,6339,3509,2830
53233,4431,179,4252
53235,4730,2355,2375
53295,0,0,0
53402,13386,9578,3808
53403,10450,5241,5209
53404,5572,2525,3047
53405,10035,6435,3600
53406,10932,7636,3296
53501,55,55,0
53502,1013,772,241
53503,822,622,200
53504,830,642,188
53505,160,137,23
53506,485,337,148
53507,808,694,114
53508,2181,1788,393
53510,595,442,153
53511,19164,12109,7055
53515,973,747,226
53516,935,806,129
53517,736,622,114
53518,590,481,109
53520,2707,2054,653
53521,1468,1279,189
53522,424,361,63
53523,2176,1766,410
53525,1493,1088,405
53526,274,206,68
53527,3723,3096,627
53528,2491,1868,623
53529,847,640,207
53530,1775,1257,518
53531,1739,1344,395
53532,5679,4470,1209
53533,2985,2026,959
53534,4893,3550,1343
53536,3476,2439,1037
53537,318,225,93
53538,7376,5080,2296
53540,108,81,27
53541,375,294,81
53543,696,525,171
53544,314,259,55
53545,9942,6157,3785
53546,12348,9056,3292
53548,7384,5014,2370
53549,4069,2740,1329
53550,413,367,46
53551,3491,2364,1127
53553,225,173,52
53554,412,324,88
53555,3643,2769,874
53556,1190,965,225
53557,157,119,38
53558,4671,3841,830
53559,2237,1558,679
53560,1560,1204,356
53561,777,662,115
53562,10997,6570,4427
53563,4282,3242,1040
53565,2012,1500,512
53566,6546,4265,2281
53569,474,367,107
53570,1079,834,245
53571,61,61,0
53572,3989,2837,1152
53573,1345,1053,292
53574,1497,1294,203
53575,6064,4674,1390
53576,888,675,213
53577,591,457,134
53578,2644,1938,706
53579,727,525,202
53580,219,163,56
53581,4423,3142,1281
53582,478,400,78
53583,2508,1824,684
53585,863,561,302
53586,901,647,254
53587,504,402,102
53588,1782,1381,401
53589,7925,6102,1823
53590,15704,9817,5887
53593,9128,6829,2299
53594,2237,1823,414
53597,7159,5671,1488
53598,999,728,271
53599,23,16,7
53702,53,53,0
53703,16041,2364,13677
53704,20524,11326,9198
53705,11796,5796,6000
53706,75,0,75
53711,20946,13219,7727
53713,10129,2713,7416
53714,7162,4175,2987
53715,5106,814,4292
53716,8086,5791,2295
53717,6127,3079,3048
53718,5969,3674,2295
53719,13645,6857,6788
53726,2268,765,1503
53792,0,0,0
53801,368,306,62
53802,23,21,2
53803,543,434,109
53804,534,421,113
53805,2005,1459,546
53806,750,594,156
53807,1871,1481,390
53808,482,335,147
53809,1520,1142,378
53810,135,118,17
53811,1264,969,295
53813,2320,1549,771
53816,257,220,37
53817,67,53,14
53818,5486,3067,2419
53820,981,822,159
53821,3372,2384,988
53825,165,128,37
53826,485,358,127
53827,85,68,17
53901,6113,3930,2183
53910,1498,925,573
53911,505,409,96
53913,8937,5454,3483
53916,9478,6200,3278
53919,1054,872,182
53920,201,177,24
53922,391,333,58
53923,704,590,114
53924,589,466,123
53925,3215,2312,903
53926,528,453,75
53928,43,34,9
53929,1101,808,293
53930,518,423,95
53931,100,67,33
53932,1002,732,270
53933,1277,900,377
53934,1942,1605,337
53935,107,87,20
53936,625,558,67
53937,396,326,70
53939,112,90,22
53941,1167,1015,152
53943,374,271,103
53944,859,707,152
53946,1737,1384,353
53947,73,59,14
53948,3301,2457,844
53949,2643,2165,478
53950,2014,1561,453
53951,904,662,242
53952,1381,1164,217
53953,114,84,30
53954,2845,2365,480
53955,2468,1946,522
53956,1294,981,313
53959,5310,3693,1617
53960,1436,1152,284
53961,336,282,54
53963,5144,3507,1637
53964,1436,1088,348
53965,4429,3182,1247
53968,973,760,213
53969,133,97,36
54001,3205,2618,587
54002,2550,1851,699
54003,378,329,49
54004,976,762,214
54005,1206,991,215
54006,298,255,43
54007,468,377,91
54009,1047,816,231
54010,8,0,8
54011,2634,2076,558
54013,1345,1047,298
54014,850,745,105
54015,1308,1021,287
54016,12347,9354,2993
54017,6662,4955,1707
54020,2851,2162,689
54021,2565,2022,543
54022,8165,5189,2976
54023,1531,1234,297
54024,2130,1619,511
54025,2651,2035,616
54026,783,648,135
54027,361,339,22
54028,955,740,215
54082,515,480,35
54101,1081,983,98
54102,455,386,69
54103,216,202,14
54104,553,495,58
54106,1966,1666,300
54107,1368,1096,272
54110,2021,1619,402
54111,926,791,135
54112,1040,799,241
54113,1332,1178,154
54114,2478,2027,451
54115,17343,11613,5730
54119,254,214,40
54120,120,101,19
54121,1360,1113,247
54123,114,99,15
54124,1542,1197,345
54125,270,205,65
54126,1385,1136,249
54127,29,7,22
54128,635,523,112
54129,1245,1077,168
54130,10275,7436,2839
54135,1050,720,330
54136,2686,1807,879
54137,474,444,30
54138,423,359,64
54139,1282,1070,212
54140,3995,2688,1307
54141,857,799,58
54143,6977,4770,2207
54149,641,597,44
54150,347,160,187
54151,1511,1319,192
54153,3070,2255,815
54154,2374,1693,681
54155,2897,2181,716
54156,703,583,120
54157,2426,1595,831
54159,581,538,43
54160,103,82,21
54161,1253,1033,220
54162,3435,2604,831
54165,3037,2232,805
54166,7350,5094,2256
54169,1054,1029,25
54170,1415,1241,174
54171,1348,1331,17
54173,1639,1396,243
54174,1368,1115,253
54175,461,424,37
54177,1394,1105,289
54180,1229,955,274
54201,2165,1622,543
54202,677,563,114
54204,742,635,107
54205,764,690,74
54207,49,41,8
54208,2424,2006,418
54209,601,507,94
54210,418,341,77
54211,147,130,17
54212,517,472,45
54213,541,465,76
54214,102,69,33
54216,2722,2079,643
54217,2819,2308,511
54220,17223,12053,5170
54227,625,544,81
54228,1128,933,195
54229,1912,1697,215
54230,1851,1607,244
54232,334,247,87
54234,834,645,189
54235,8064,5944,2120
54241,6556,4758,1798
54245,897,768,129
54246,409,360,49
54247,913,793,120
54301,9152,6145,3007
54302,12752,6192,6560
54303,11791,5401,6390
54304,12311,7583,4728
54307,0,0,0
54311,13813,9186,4627
54313,14808,12270,2538
54401,13168,8755,4413
54403,10542,6895,3647
54405,1137,786,351
54406,1370,1121,249
54407,604,542,62
54408,443,372,71
54409,5707,4009,1698
54410,866,792,74
54411,1887,1656,231
54412,866,718,148
54413,74,57,17
54414,1308,1078,230
54416,713,550,163
54417,15,15,0
54418,395,337,58
54420,479,379,100
54421,1243,945,298
54422,411,322,89
54423,894,833,61
54424,694,652,42
54425,767,593,174
54426,1651,1392,259
54427,470,357,113
54428,490,400,90
54430,58,46,12
54433,753,626,127
54435,877,756,121
54436,816,680,136
54437,1101,865,236
54440,1191,1066,125
54441,353,334,19
54442,433,387,46
54443,863,733,130
54446,1138,837,301
54447,206,166,40
54448,1725,1472,253
54449,11646,7877,3769
54450,149,99,50
54451,4949,3755,1194
54452,8203,6153,2050
54454,539,424,115
54455,7039,5910,1129
54456,2541,1942,599
54457,3513,3042,471
54458,31,23,8
54459,562,510,52
54460,967,782,185
54462,187,164,23
54463,271,234,37
54465,287,277,10
54466,1200,995,205
54467,5823,3636,2187
54469,691,559,132
54470,852,662,190
54471,717,678,39
54473,1072,926,146
54474,1762,1202,560
54475,701,622,79
54476,7621,4652,2969
54479,1509,1261,248
54480,578,400,178
54481,11467,6469,4998
54482,3912,3146,766
54484,1971,1649,322
54485,136,122,14
54486,931,768,163
54487,4469,3757,712
54488,450,366,84
54489,664,555,109
54490,373,312,61
54491,740,607,133
54493,257,235,22
54494,11803,9010,2793
54495,3423,2006,1417
54498,871,705,166
54499,1225,903,322
54501,8383,6780,1603
54511,566,493,73
54512,444,393,51
54513,204,174,30
54514,831,709,122
54515,218,197,21
54517,59,58,1
54519,648,578,70
54520,1898,1316,582
54521,3741,2915,826
54524,255,231,24
54525,124,77,47
54526,350,292,58
54527,435,368,67
54529,510,486,24
54530,367,340,27
54531,569,545,24
54534,1223,826,397
54536,100,81,19
54537,210,199,11
54538,1537,989,548
54539,579,536,43
54540,480,410,70
54541,480,347,133
54542,225,210,15
54545,437,364,73
54546,536,399,137
54547,748,550,198
54548,2175,1855,320
54550,305,255,50
54552,2162,1570,592
54554,482,398,84
54555,2298,1755,543
54556,599,476,123
54557,472,451,21
54558,1057,835,222
54559,362,252,110
54560,279,223,56
54561,0,0,0
54562,951,831,120
54563,320,271,49
54564,189,183,6
54565,32,28,4
54566,612,489,123
54568,2507,1721,786
54601,20217,10841,9376
54603,6529,3420,3109
54610,735,549,186
54611,470,341,129
54612,1862,1271,591
54613,834,688,146
54614,1141,910,231
54615,4042,2866,1176
54616,1036,758,278
54618,834,702,132
54619,1209,998,211
54621,513,423,90
54622,902,759,143
54623,838,720,118
54624,650,567,83
54625,116,74,42
54626,568,469,99
54627,742,582,160
54628,393,349,44
54629,1120,874,246
54630,1711,1265,446
54631,709,621,88
54632,450,403,47
54634,1680,1300,380
54635,743,573,170
54636,5081,4000,1081
54637,107,71,36
54638,583,464,119
54639,992,759,233
54641,2,2,0
54642,823,646,177
54643,2,2,0
54644,570,472,98
54645,32,24,8
54646,1671,1335,336
54648,580,450,130
54650,9906,7171,2735
54651,533,441,92
54652,377,306,71
54653,336,248,88
54654,35,35,0
54655,705,535,170
54656,7167,5251,1916
54657,127,100,27
54658,1115,887,228
54659,546,420,126
54660,6380,3917,2463
54661,1574,1268,306
54664,639,515,124
54665,3566,2456,1110
54666,1144,840,304
54667,1856,1447,409
54669,3090,2397,693
54670,556,468,88
54701,16106,9445,6661
54703,17627,10984,6643
54720,3111,2026,1085
54721,579,472,107
54722,1436,1118,318
54723,500,401,99
54724,2998,2293,705
54725,1162,935,227
54726,701,547,154
54727,2040,1655,385
54728,2596,2178,418
54729,13473,9119,4354
54730,1957,1678,279
54731,277,232,45
54732,1225,909,316
54733,475,393,82
54734,320,285,35
54736,1700,1296,404
54737,234,210,24
54738,1239,1021,218
54739,1861,1444,417
54740,818,624,194
54741,628,505,123
54742,1724,1429,295
54745,908,793,115
54746,295,229,66
54747,1077,696,381
54748,583,491,92
54749,487,380,107
54750,417,363,54
54751,9620,5480,4140
54754,777,576,201
54755,2937,2187,750
54756,405,315,90
54757,1374,1163,211
54758,1897,1470,427
54759,640,519,121
54760,122,51,71
54761,454,327,127
54762,516,431,85
54763,467,388,79
54765,2,2,0
54766,664,563,101
54767,1342,1116,226
54768,1711,1236,475
54769,284,257,27
54770,822,663,159
54771,1538,1220,318
54772,429,317,112
54773,1340,972,368
54801,2989,2216,773
54805,555,390,165
54806,4842,3165,1677
54810,965,782,183
54812,2013,1317,696
54813,239,202,37
54814,1165,800,365
54817,1041,890,151
54819,1116,893,223
54820,354,287,67
54821,632,559,73
54822,1828,1433,395
54824,947,736,211
54826,312,279,33
54827,148,142,6
54828,363,273,90
54829,2294,1838,456
54830,1483,1316,167
54832,191,127,64
54835,430,361,69
54836,405,382,23
54837,1625,1293,332
54838,556,471,85
54839,119,104,15
54840,1982,1566,416
54841,129,115,14
54842,56,53,3
54843,5220,3721,1499
54844,114,105,9
54845,37,35,2
54846,202,183,19
54847,1032,886,146
54848,2624,1763,861
54849,783,654,129
54850,106,93,13
54853,1830,1418,412
54854,415,364,51
54855,244,222,22
54856,693,636,57
54857,24,11,13
54858,761,501,260
54859,850,668,182
54861,55,23,32
54862,110,96,14
54864,548,461,87
54865,256,227,29
54867,249,142,107
54868,6915,4855,2060
54870,697,638,59
54871,1264,1019,245
54872,1301,973,328
54873,1359,1156,203
54874,1486,1358,128
54875,492,404,88
54876,644,485,159
54880,13264,7747,5517
54888,613,555,58
54889,1108,797,311
54891,1510,1185,325
54893,1778,1388,390
54895,420,341,79
54896,765,648,117
54901,13886,7091,6795
54902,10053,6321,3732
54904,8981,6885,2096
54909,843,724,119
54911,10523,6119,4404
54913,8146,5805,2341
54914,13022,8031,4991
54915,17049,11996,5053
54921,470,422,48
54922,521,423,98
54923,3784,2728,1056
54927,223,166,57
54928,132,117,15
54929,3759,2817,942
54930,673,557,116
54931,121,109,12
54932,482,457,25
54933,142,62,80
54934,174,95,79
54935,17596,10446,7150
54937,7376,5885,1491
54940,1753,1582,171
54941,1145,895,250
54942,3532,3161,371
54943,841,708,133
54944,3343,2902,441
54945,1551,1201,350
54946,0,0,0
54947,1081,1001,80
54948,117,95,22
54949,1420,1116,304
54950,1180,979,201
54952,11243,7494,3749
54956,18394,12930,5464
54960,1186,1082,104
54961,5764,4124,1640
54962,501,435,66
54963,2719,2112,607
54964,377,341,36
54965,572,542,30
54966,750,582,168
54967,182,125,57
54968,1265,976,289
54970,1214,892,322
54971,4483,2993,1490
54974,590,522,68
54977,629,535,94
54979,604,542,62
54980,51,30,21
54981,6581,4629,1952
54982,3026,2368,658
54983,1856,1509,347
54984,1367,1113,254
54985,0,0,0
54986,2148,1747,401
55001,1157,1099,58
55003,1088,807,281
55005,1562,1471,91
55006,1565,1202,363
55007,887,795,92
55008,5830,4592,1238
55009,3201,2567,634
55011,3658,3562,96
55012,728,637,91
55013,2628,2193,435
55014,9682,8457,1225
55016,11880,10264,1616
55017,294,279,15
55018,349,325,24
55019,716,673,43
55020,1207,1191,16
55021,11160,7943,3217
55024,12002,10401,1601
55025,9162,7160,2002
55026,166,160,6
55027,1147,942,205
55029,30,30,0
55030,495,440,55
55031,732,661,71
55032,1302,1245,57
55033,11724,9027,2697
55036,42,33,9
55037,1936,1314,622
55038,7809,6979,830
55040,4832,3961,871
55041,3357,2584,773
55042,3292,3138,154
55043,1465,1305,160
55044,18493,15832,2661
55045,3006,2625,381
55046,1831,1596,235
55047,1021,928,93
55049,880,745,135
55051,3835,3024,811
55052,804,701,103
55053,399,368,31
55054,794,714,80
55055,1433,852,581
55056,5009,4341,668
55057,8088,5826,2262
55060,11691,8618,3073
55063,3609,2883,726
55065,436,408,28
55066,7917,5467,2450
55068,10398,8852,1546
55069,1775,1325,450
55070,2663,2296,367
55071,2073,1623,450
55072,1262,933,329
55073,1228,1142,86
55074,862,740,122
55075,8087,5309,2778
55076,8889,6424,2465
55077,5189,3208,1981
55079,3220,2953,267
55080,995,932,63
55082,13485,10905,2580
55084,679,534,145
55085,173,154,19
55087,122,122,0
55088,655,581,74
55089,731,651,80
55090,128,110,18
55092,3993,3534,459
55101,4596,910,3686
55102,9187,3891,5296
55103,5013,1798,3215
55104,16954,8566,8388
55105,10572,7125,3447
55106,17879,9737,8142
55107,5318,2835,2483
55108,6387,3117,3270
55109,13220,8684,4536
55110,16329,12803,3526
55111,20,0,20
55112,17227,11657,5570
55113,17869,11555,6314
55114,1574,372,1202
55115,3519,2958,561
55116,11218,5882,5336
55117,16066,8638,7428
55118,11832,7906,3926
55119,15236,9591,5645
55120,1836,1484,352
55121,3675,1640,2035
55122,13369,9522,3847
55123,9524,7406,2118
55124,19655,15535,4120
55125,16335,13003,3332
55126,11226,9226,2000
55127,7566,6439,1127
55128,11612,8774,2838
55129,8763,7217,1546
55130,5440,1890,3550
55150,84,50,34
55155,0,0,0
55301,4562,3555,1007
55302,2929,2540,389
55303,17986,13241,4745
55304,16272,14954,1318
55305,9829,5368,4461
55306,6279,4127,2152
55307,1331,987,344
55308,3254,2821,433
55309,6220,5493,727
55310,592,555,37
55311,13764,12256,1508
55312,600,517,83
55313,8674,6680,1994
55314,455,363,92
55315,1823,1681,142
55316,8976,7703,1273
55317,7827,6650,1177
55318,10229,7442,2787
55319,1891,1752,139
55320,1896,1603,293
55321,1853,1367,486
55322,1236,1114,122
55324,494,422,72
55325,1671,1402,269
55327,1325,1294,31
55328,3429,2851,578
55329,809,618,191
55330,13307,11077,2230
55331,7002,5874,1128
55332,746,576,170
55333,317,235,82
55334,1134,819,315
55335,686,552,134
55336,3008,2418,590
55337,18372,11765,6607
55338,421,397,24
55339,394,333,61
55340,2749,2547,202
55341,1041,980,61
55342,798,652,146
55343,11757,5364,6393
55344,7103,2288,4815
55345,8898,7206,1692
55346,6201,5521,680
55347,11278,10137,1141
55349,1601,1179,422
55350,7826,5657,2169
55352,3243,2351,892
55353,1337,1196,141
55354,1011,877,134
55355,3943,2921,1022
55356,2099,1719,380
55357,1145,1032,113
55358,2017,1683,334
55359,2283,1919,364
55360,934,864,70
55362,6951,5541,1410
55363,1657,1345,312
55364,6381,5170,1211
55366,219,129,90
55367,371,308,63
55368,969,634,335
55369,15235,12104,3131
55370,298,268,30
55371,6176,4954,1222
55372,11895,10361,1534
55373,2135,1700,435
55374,5088,4367,721
55375,1572,1379,193
55376,5228,4550,678
55378,9985,8353,1632
55379,14738,11189,3549
55381,839,692,147
55382,1409,1280,129
55384,1011,257,754
55385,547,425,122
55386,2522,2359,163
55387,4775,3878,897
55388,2163,1729,434
55389,1023,868,155
55390,944,798,146
55391,6756,5348,1408
55395,1163,910,253
55396,886,706,180
55397,1011,780,231
55398,5391,4840,551
55401,6256,2337,3919
55402,313,0,313
55403,11082,2291,8791
55404,12042,1675,10367
55405,7402,2771,4631
55406,15275,10140,5135
55407,14791,8349,6442
55408,15208,3750,11458
55409,4811,2967,1844
55410,8532,6776,1756
55411,9535,4195,5340
55412,8557,5022,3535
55413,6518,2594,3924
55414,11532,1983,9549
55415,1748,624,1124
55416,16134,8089,8045
55417,11026,8861,2165
55418,13197,8927,4270
55419,10472,8279,2193
55420,8745,5548,3197
55421,11455,6826,4629
55422,12626,8915,3711
55423,15117,9074,6043
55424,3478,3178,300
55425,3984,2007,1977
55426,12247,7425,4822
55427,9608,6753,2855
55428,12040,7031,5009
55429,10143,5407,4736
55430,7678,4819,2859
55431,7970,5392,2578
55432,12135,7681,4454
55433,13514,9487,4027
55434,11359,9618,1741
55435,6996,3273,3723
55436,5642,4382,1260
55437,7887,5587,2300
55438,7247,5525,1722
55439,3486,3119,367
55441,7843,4382,3461
55442,5479,4293,1186
55443,11022,8486,2536
55444,5089,4494,595
55445,3996,3506,490
55446,9237,7222,2015
55447,8627,6456,2171
55448,10472,8700,1772
55449,9979,8789,1190
55450,9,9,0
55454,3401,375,3026
55455,0,0,0
55601,33,33,0
55602,115,102,13
55603,290,252,38
55604,1659,1313,346
55605,366,175,191
55606,125,110,15
55607,72,67,5
55609,126,126,0
55612,336,233,103
55613,105,91,14
55614,1151,1008,143
55615,108,98,10
55616,3330,2547,783
55702,225,210,15
55703,317,283,34
55704,406,328,78
55705,1371,1145,226
55706,855,697,158
55707,1343,1155,188
55708,371,246,125
55709,1577,1379,198
55710,615,575,40
55711,207,171,36
55712,240,222,18
55713,510,429,81
55716,172,123,49
55717,161,156,5
55718,1277,1047,230
55719,2500,1913,587
55720,6561,4954,1607
55721,1409,1306,103
55722,480,337,143
55723,981,842,139
55724,362,346,16
55725,80,77,3
55726,461,345,116
55731,2897,2260,637
55732,688,640,48
55733,1734,1615,119
55734,2675,1934,741
55735,716,633,83
55736,672,545,127
55738,217,208,9
55741,1574,1365,209
55742,160,152,8
55744,8724,6434,2290
55746,7181,5139,2042
55748,697,535,162
55749,200,170,30
55750,961,880,81
55751,675,633,42
55752,184,172,12
55753,428,376,52
55756,143,132,11
55757,321,293,28
55758,61,52,9
55760,1516,1204,312
55763,264,237,27
55764,265,162,103
55765,355,298,57
55766,9,9,0
55767,1344,985,359
55768,1311,840,471
55769,1037,809,228
55771,752,596,156
55772,35,15,20
55775,678,645,33
55779,1522,1395,127
55780,75,67,8
55781,348,343,5
55782,194,180,14
55783,984,916,68
55784,56,49,7
55785,101,97,4
55786,179,143,36
55787,267,224,43
55790,939,732,207
55792,4820,2923,1897
55793,279,249,30
55795,585,480,105
55797,627,572,55
55798,265,231,34
55802,1343,424,919
55803,7418,6283,1135
55804,5738,4940,798
55805,4713,1470,3243
55806,4257,1741,2516
55807,4309,3057,1252
55808,2610,1741,869
55810,3578,3145,433
55811,10949,7562,3387
55812,3545,1656,1889
55814,0,0,0
55901,22282,14944,7338
55902,10266,7367,2899
55904,10195,7223,2972
55905,0,0,0
55906,7539,6012,1527
55909,576,493,83
55910,512,412,100
55912,11365,7958,3407
55917,1405,1175,230
55918,370,301,69
55919,462,376,86
55920,2919,2577,342
55921,2049,1589,460
55922,354,287,67
55923,1826,1417,409
55924,537,463,74
55925,433,402,31
55926,293,225,68
55927,1547,1193,354
55929,467,394,73
55931,167,152,15
55932,803,635,168
55933,89,77,12
55934,1224,1035,189
55935,341,294,47
55936,687,547,140
55939,776,616,160
55940,1090,872,218
55941,402,323,79
55943,1323,1081,242
55944,2797,2315,482
55945,523,470,53
55946,1328,1028,300
55947,3210,2622,588
55949,719,603,116
55950,65,46,19
55951,651,515,136
55952,924,702,222
55953,334,261,73
55954,584,496,88
55955,925,852,73
55956,786,670,116
55957,266,216,50
55959,880,772,108
55960,1259,1165,94
55961,172,151,21
55962,319,264,55
55963,2013,1542,471
55964,1722,1458,264
55965,1094,827,267
55967,396,368,28
55968,49,36,13
55969,407,356,51
55970,373,324,49
55971,1158,924,234
55972,1838,1455,383
55973,98,87,11
55974,912,697,215
55975,1796,1497,299
55976,3017,2417,600
55977,75,65,10
55979,343,286,57
55981,1740,1381,359
55982,170,161,9
55983,673,529,144
55985,738,596,142
55987,13818,8929,4889
55990,400,339,61
55991,544,448,96
55992,2066,1568,498
56001,18622,10322,8300
56003,6119,4427,1692
56007,9082,6387,2695
56009,572,480,92
56010,496,388,108
56011,3078,2711,367
56013,1983,1418,565
56014,297,239,58
56016,387,354,33
56017,651,577,74
56019,351,293,58
56020,42,41,1
56021,433,359,74
56022,22,22,0
56023,235,186,49
56024,1227,821,406
56025,190,172,18
56026,780,649,131
56027,351,276,75
56028,529,456,73
56029,320,287,33
56031,5293,3630,1663
56032,109,87,22
56033,169,138,31
56034,167,142,25
56035,153,120,33
56036,776,678,98
56037,613,524,89
56039,358,313,45
56041,448,372,76
56042,284,238,46
56043,218,197,21
56044,866,746,120
56045,389,345,44
56046,38,28,10
56047,57,51,6
56048,1536,1339,197
56050,610,525,85
56051,298,242,56
56052,308,279,29
56054,378,337,41
56055,1617,1296,321
56056,37,36,1
56057,1564,1206,358
56058,2297,1726,571
56060,171,136,35
56062,1306,898,408
56063,1202,1029,173
56065,1063,826,237
56068,423,359,64
56069,1766,1409,357
56071,4446,3670,776
56072,890,713,177
56073,7032,5439,1593
56074,805,673,132
56075,76,67,9
56078,183,150,33
56080,285,235,50
56081,2368,1820,548
56082,4752,3345,1407
56083,386,347,39
56085,2222,1788,434
56087,1260,998,262
56088,784,607,177
56089,79,63,16
56090,288,215,73
56091,143,125,18
56093,4917,3720,1197
56096,1262,985,277
56097,1548,1227,321
56098,877,639,238
56101,2497,1966,531
56110,704,578,126
56111,177,150,27
56113,98,85,13
56114,126,107,19
56115,563,467,96
56116,316,220,96
56117,125,100,25
56118,172,159,13
56119,376,325,51
56120,368,317,51
56121,266,231,35
56122,258,177,81
56123,224,198,26
56125,35,35,0
56127,158,128,30
56128,821,674,147
56129,323,258,65
56131,962,784,178
56132,217,183,34
56134,220,175,45
56136,506,381,125
56137,494,384,110
56138,356,307,49
56139,177,161,16
56140,25,21,4
56141,135,119,16
56142,432,333,99
56143,1929,1406,523
56144,497,409,88
56145,233,196,37
56146,35,32,3
56147,83,63,20
56149,532,415,117
56150,1119,904,215
56151,343,310,33
56152,597,475,122
56153,106,95,11
56155,144,126,18
56156,2414,1715,699
56157,310,266,44
56158,193,166,27
56159,1205,833,372
56160,85,73,12
56161,150,136,14
56162,94,91,3
56164,2389,1631,758
56165,145,131,14
56166,86,79,7
56167,322,253,69
56168,333,276,57
56169,264,233,31
56170,273,232,41
56171,757,556,201
56172,1386,1101,285
56173,145,111,34
56174,141,117,24
56175,1241,958,283
56176,431,350,81
56177,21,21,0
56178,735,580,155
56180,481,357,124
56181,440,368,72
56183,576,483,93
56185,244,218,26
56186,157,121,36
56187,5075,3232,1843
56201,8895,5638,3257
56207,100,81,19
56208,1008,657,351
56209,893,742,151
56210,1,1,0
56211,195,166,29
56212,200,172,28
56214,322,253,69
56215,1983,1255,728
56216,280,250,30
56218,216,197,19
56219,439,344,95
56220,1191,934,257
56221,281,215,66
56222,803,587,216
56223,585,443,142
56224,116,109,7
56225,317,235,82
56226,97,90,7
56227,81,74,7
56228,425,349,76
56229,725,573,152
56230,324,278,46
56231,145,128,17
56232,1060,815,245
56235,223,179,44
56236,148,129,19
56237,225,189,36
56239,219,202,17
56240,435,327,108
56241,1673,1215,458
56243,663,495,168
56244,518,401,117
56245,252,202,50
56248,373,291,82
56249,133,119,14
56251,345,295,50
56252,492,353,139
56253,490,453,37
56255,141,124,17
56256,1163,886,277
56257,253,229,24
56258,5946,3502,2444
56260,355,294,61
56262,274,215,59
56263,229,200,29
56264,875,731,144
56265,3230,2089,1141
56266,623,519,104
56267,2569,1616,953
56270,445,384,61
56271,471,403,68
56273,1954,1653,301
56274,59,59,0
56276,109,84,25
56277,1296,871,425
56278,1235,860,375
56279,479,424,55
56280,211,174,37
56281,243,199,44
56282,611,468,143
56283,2560,1823,737
56284,848,715,133
56285,449,358,91
56287,33,31,2
56288,2010,1780,230
56289,287,269,18
56291,180,157,23
56292,219,194,25
56293,501,398,103
56294,36,32,4
56295,112,102,10
56296,982,794,188
56297,357,292,65
56301,12052,6352,5700
56303,10686,6759,3927
56304,6928,3347,3581
56307,1949,1631,318
56308,11296,7731,3565
56309,537,432,105
56310,2071,1885,186
56311,294,233,61
56312,978,758,220
56313,31,22,9
56314,437,385,52
56315,656,569,87
56316,578,492,86
56318,449,418,31
56319,559,500,59
56320,3244,2820,424
56321,0,0,0
56323,256,189,67
56324,458,416,42
56325,89,73,16
56326,642,546,96
56327,311,302,9
56328,72,47,25
56329,2667,2282,385
56330,645,568,77
56331,802,717,85
56332,637,602,35
56334,2644,1984,660
56335,105,98,7
56336,653,582,71
56338,680,641,39
56339,464,348,116
56340,935,792,143
56342,1235,1057,178
56343,424,392,32
56345,6153,4357,1796
56347,2711,2116,595
56349,347,296,51
56350,214,197,17
56352,2297,1811,486
56353,3488,2795,693
56354,592,537,55
56355,243,212,31
56356,116,109,7
56357,407,375,32
56358,1284,1113,171
56359,1420,959,461
56360,1633,1356,277
56361,937,790,147
56362,2390,1935,455
56363,63,28,35
56364,2139,1791,348
56367,2411,2181,230
56368,1726,1611,115
56369,272,122,150
56371,43,34,9
56373,1199,990,209
56374,3227,2492,735
56375,322,288,34
56376,130,116,14
56377,7186,4694,2492
56378,3051,2182,869
56379,6882,4637,2245
56381,1041,821,220
56382,556,498,58
56384,166,83,83
56385,348,287,61
56386,292,235,57
56387,3339,1265,2074
56389,36,32,4
56401,12325,8611,3714
56425,3226,2275,951
56431,4218,3449,769
56433,786,658,128
56434,96,88,8
56435,1102,991,111
56436,29,26,3
56437,544,417,127
56438,1103,959,144
56440,526,427,99
56441,1581,1080,501
56442,1088,945,143
56443,601,542,59
56444,1395,1209,186
56446,611,493,118
56447,459,419,40
56448,146,137,9
56449,684,643,41
56450,459,369,90
56452,924,811,113
56453,346,297,49
56455,747,579,168
56456,21,17,4
56458,158,134,24
56461,1323,1163,160
56464,1745,1470,275
56465,852,802,50
56466,1394,1081,313
56467,1088,974,114
56468,1929,1723,206
56469,553,498,55
56470,4507,3387,1120
56472,3231,2683,548
56473,1451,1257,194
56474,1830,1418,412
56475,643,538,105
56477,1097,923,174
56479,2247,1653,594
56481,793,665,128
56482,2873,2066,807
56484,1581,1187,394
56501,7281,5404,1877
56510,967,732,235
56511,803,708,95
56514,1412,1144,268
56515,1360,1191,169
56516,102,90,12
56517,92,82,10
56518,139,119,20
56519,102,73,29
56520,1793,1281,512
56521,285,245,40
56522,181,158,23
56523,217,171,46
56524,288,257,31
56525,38,38,0
56527,318,274,44
56528,715,640,75
56529,1653,1219,434
56531,905,746,159
56533,121,111,10
56534,493,451,42
56535,527,424,103
56536,185,167,18
56537,8171,5647,2524
56540,838,680,158
56541,8,8,0
56542,1213,859,354
56543,90,83,7
56544,2026,1683,343
56545,295,266,29
56546,104,100,4
56547,955,830,125
56548,354,266,88
56549,1861,1546,315
56550,197,171,26
56551,868,681,187
56552,172,148,24
56553,93,91,2
56554,1090,977,113
56556,459,341,118
56557,1058,680,378
56560,16576,10362,6214
56565,17,17,0
56566,156,78,78
56567,1256,973,283
56568,67,58,9
56569,512,387,125
56570,461,411,50
56571,796,727,69
56572,2046,1728,318
56573,2741,2039,702
56574,85,83,2
56575,311,245,66
56576,317,264,53
56577,2,2,0
56578,271,260,11
56579,509,441,68
56580,508,490,18
56581,101,91,10
56583,46,46,0
56584,560,447,113
56585,420,337,83
56586,821,731,90
56587,557,492,65
56588,215,205,10
56589,759,584,175
56590,128,102,26
56591,51,40,11
56592,173,150,23
56593,0,0,0
56594,198,191,7
56601,13463,8999,4464
56621,1869,1343,526
56623,1127,872,255
56626,132,95,37
56627,149,107,42
56628,808,664,144
56629,76,68,8
56630,842,636,206
56633,1686,1155,531
56634,607,506,101
56636,1989,1643,346
56637,72,65,7
56639,218,198,20
56641,144,112,32
56644,334,303,31
56646,180,153,27
56647,352,295,57
56649,4132,3115,1017
56650,299,263,36
56651,229,192,37
56652,207,197,10
56653,561,463,98
56654,70,64,6
56655,781,669,112
56657,159,148,11
56658,0,0,0
56659,29,29,0
56660,116,102,14
56661,363,300,63
56662,275,254,21
56663,73,73,0
56666,238,96,142
56667,228,206,22
56668,42,27,15
56669,159,152,7
56670,341,177,164
56671,861,411,450
56672,961,800,161
56673,301,257,44
56676,633,579,54
56678,502,461,41
56680,72,68,4
56681,121,97,24
56683,280,255,25
56684,106,89,17
56685,46,39,7
56686,360,344,16
56687,24,24,0
56688,65,60,5
56701,5510,4044,1466
56710,266,220,46
56711,0,0,0
56713,418,363,55
56714,505,418,87
56715,138,126,12
56716,3493,2404,1089
56720,12,12,0
56721,4057,2861,1196
56722,152,128,24
56723,351,280,71
56724,66,56,10
56725,379,334,45
56726,634,534,100
56727,303,265,38
56728,612,499,113
56729,53,52,1
56731,28,20,8
56732,504,346,158
56733,174,163,11
56734,191,155,36
56735,301,254,47
56736,443,390,53
56737,399,340,59
56738,568,497,71
56741,0,0,0
56742,367,322,45
56744,228,192,36
56748,273,232,41
56750,1001,815,186
56751,2228,1750,478
56754,255,213,42
56755,43,43,0
56756,263,237,26
56757,356,284,72
56758,157,139,18
56759,93,85,8
56760,160,121,39
56761,179,157,22
56762,1068,784,284
56763,1939,1459,480
57001,726,573,153
57002,385,300,85
57003,714,654,60
57004,1422,952,470
57005,4193,3194,999
57006,9798,5209,4589
57010,200,184,16
57012,521,372,149
57013,1733,1362,371
57014,598,459,139
57015,335,300,35
57016,305,288,17
57017,617,495,122
57018,595,501,94
57020,497,460,37
57021,100,93,7
57022,1802,1462,340
57024,187,166,21
57025,1196,968,228
57026,467,327,140
57027,24,15,9
57028,1352,897,455
57029,841,622,219
57030,1109,926,183
57031,348,275,73
57032,2626,2326,300
57033,1916,1523,393
57034,345,296,49
57035,435,375,60
57036,300,270,30
57037,398,276,122
57038,635,585,50
57039,1324,1019,305
57040,158,143,15
57041,40,40,0
57042,3370,2266,1104
57043,572,446,126
57045,492,385,107
57046,328,273,55
57047,118,73,45
57048,464,358,106
57049,2845,1721,1124
57050,110,103,7
57051,126,97,29
57052,97,72,25
57053,705,591,114
57054,221,193,28
57055,505,441,64
57057,90,84,6
57058,778,558,220
57059,607,433,174
57061,31,26,5
57062,478,351,127
57063,381,297,84
57064,2046,1547,499
57065,178,124,54
57066,723,497,226
57067,145,128,17
57068,591,526,65
57069,4464,2059,2405
57070,664,414,250
57071,1195,932,263
57072,236,192,44
57073,275,216,59
57075,423,371,52
57076,168,152,16
57077,538,489,49
57078,7880,4907,2973
57103,14203,9786,4417
57104,11513,4424,7089
57105,9642,6393,3249
57106,18717,11476,7241
57107,3959,2877,1082
57108,8451,6052,2399
57110,6619,4440,2179
57117,0,0,0
57197,0,0,0
57201,10917,7074,3843
57212,886,678,208
57213,260,246,14
57214,25,23,2
57216,535,469,66
57217,116,92,24
57218,125,90,35
57219,259,203,56
57220,272,226,46
57221,277,195,82
57223,489,394,95
57224,78,57,21
57225,861,623,238
57226,850,597,253
57227,127,121,6
57231,727,613,114
57232,136,120,16
57233,63,51,12
57234,537,465,72
57235,330,275,55
57236,65,59,6
57237,288,252,36
57238,238,165,73
57239,113,104,9
57241,413,329,84
57242,118,94,24
57243,304,224,80
57245,58,52,6
57246,91,82,9
57247,137,106,31
57248,361,269,92
57249,447,357,90
57251,88,71,17
57252,2093,1733,360
57255,165,120,45
57256,46,39,7
57257,187,119,68
57258,59,56,3
57259,180,155,25
57260,376,306,70
57261,166,149,17
57262,1914,1029,885
57263,196,147,49
57264,123,103,20
57265,87,81,6
57266,242,175,67
57268,198,170,28
57269,140,136,4
57270,333,179,154
57271,69,68,1
57272,90,81,9
57273,489,331,158
57274,1282,921,361
57276,443,359,84
57278,273,232,41
57279,524,438,86
57301,8086,4729,3357
57311,512,447,65
57312,266,228,38
57313,545,397,148
57314,350,258,92
57315,454,385,69
57317,249,175,74
57319,330,241,89
57321,172,136,36
57322,150,110,40
57323,122,86,36
57324,155,118,37
57325,1392,883,509
57328,507,406,101
57329,127,91,36
57330,209,182,27
57331,146,124,22
57332,253,228,25
57334,374,267,107
57335,147,117,30
57337,66,62,4
57339,409,153,256
57340,131,108,23
57341,53,44,9
57342,221,199,22
57344,52,50,2
57345,528,444,84
57346,41,9,32
57348,234,205,29
57349,614,498,116
57350,6577,4198,2379
57353,346,291,55
57355,500,341,159
57356,574,399,175
57358,29,28,1
57359,367,289,78
57361,52,16,36
57362,993,618,375
57363,368,273,95
57364,10,10,0
57365,257,207,50
57366,926,717,209
57367,98,70,28
57368,461,340,121
57369,987,671,316
57370,291,207,84
57371,69,52,17
57373,232,181,51
57374,128,121,7
57375,296,247,49
57376,427,378,49
57379,39,38,1
57380,1127,712,415
57381,226,168,58
57382,636,430,206
57383,337,241,96
57384,407,368,39
57385,497,320,177
57386,85,76,9
57401,13816,8664,5152
57420,40,37,3
57421,52,32,20
57422,126,105,21
57424,97,86,11
57426,26,22,4
57427,281,243,38
57428,252,222,30
57429,40,27,13
57430,917,684,233
57432,155,141,14
57433,123,104,19
57434,191,173,18
57435,103,95,8
57436,188,158,30
57437,699,576,123
57438,559,424,135
57439,60,60,0
57440,163,140,23
57441,233,213,20
57442,772,610,162
57445,728,555,173
57446,160,151,9
57448,183,158,25
57449,94,94,0
57450,255,219,36
57451,857,697,160
57452,113,96,17
57454,234,198,36
57455,34,33,1
57456,313,242,71
57457,34,34,0
57460,123,84,39
57461,145,121,24
57465,129,116,13
57466,90,68,22
57467,117,97,20
57468,165,94,71
57469,1483,984,499
57470,37,22,15
57471,256,212,44
57472,365,301,64
57473,63,63,0
57474,75,70,5
57475,46,42,4
57476,168,131,37
57477,51,44,7
57479,205,170,35
57481,161,140,21
57501,7211,4770,2441
57520,56,40,16
57521,73,50,23
57522,209,162,47
57523,450,307,143
57528,345,261,84
57529,141,107,34
57531,61,61,0
57532,1232,998,234
57533,864,637,227
57534,142,116,26
57536,137,108,29
57537,38,31,7
57538,90,81,9
57540,25,21,4
57541,63,23,40
57543,322,229,93
57544,216,177,39
57547,53,51,2
57548,387,125,262
57551,762,521,241
57552,237,198,39
57553,28,28,0
57555,1216,567,649
57559,296,219,77
57560,139,83,56
57562,16,14,2
57563,71,30,41
57564,418,347,71
57566,285,126,159
57567,702,559,143
57568,285,245,40
57569,109,93,16
57570,524,202,322
57571,2,2,0
57572,470,196,274
57574,60,47,13
57576,103,57,46
57577,274,66,208
57579,438,303,135
57580,1820,1325,495
57584,32,29,3
57585,75,48,27
57601,1654,1147,507
57620,191,153,38
57621,66,11,55
57622,84,34,50
57623,310,200,110
57625,1183,623,560
57626,362,267,95
57630,14,14,0
57631,178,163,15
57632,270,238,32
57633,149,101,48
57634,46,46,0
57636,51,21,30
57638,841,626,215
57639,83,28,55
57640,81,40,41
57641,131,94,37
57642,558,243,315
57644,123,103,20
57645,72,62,10
57646,101,100,1
57648,162,138,24
57649,89,55,34
57650,9,0,9
57651,56,37,19
57652,106,58,48
57656,296,215,81
57657,82,66,16
57658,106,51,55
57660,30,24,6
57661,28,12,16
57701,18364,10530,7834
57702,14633,11318,3315
57703,6045,5026,1019
57706,1001,5,996
57714,140,43,97
57716,129,87,42
57717,3246,2377,869
57718,2751,2427,324
57719,2924,1982,942
57720,328,224,104
57722,106,103,3
57724,76,62,14
57725,115,92,23
57730,2591,2006,585
57732,1056,683,373
57735,580,442,138
57738,69,64,5
57741,36,0,36
57744,875,830,45
57745,1008,793,215
57747,2758,2122,636
57748,114,85,29
57750,77,64,13
57751,366,303,63
57752,392,216,176
57754,1810,1225,585
57755,46,38,8
57756,144,92,52
57758,55,27,28
57759,80,80,0
57760,473,374,99
57761,471,426,45
57762,322,286,36
57763,129,103,26
57764,429,242,187
57766,78,70,8
57767,60,47,13
57769,1528,1351,177
57770,1151,554,597
57772,470,252,218
57773,84,64,20
57775,88,77,11
57776,0,0,0
57779,97,97,0
57780,23,13,10
57782,20,19,1
57783,6917,4238,2679
57785,4025,2849,1176
57787,161,137,24
57788,172,114,58
57790,388,292,96
57791,103,90,13
57792,61,61,0
57793,939,803,136
57794,94,11,83
57799,0,0,0
58001,12,12,0
58002,17,17,0
58004,121,101,20
58005,311,301,10
58006,190,127,63
58007,45,36,9
58008,99,89,10
58009,6,6,0
58011,177,155,22
58012,986,792,194
58013,66,58,8
58015,115,102,13
58016,57,48,9
58017,145,120,25
58018,130,127,3
58021,146,126,20
58027,620,450,170
58029,43,43,0
58030,261,230,31
58031,202,173,29
58032,319,225,94
58033,167,152,15
58035,132,113,19
58036,105,105,0
58038,145,123,22
58040,531,306,225
58041,630,569,61
58042,497,472,25
58043,63,59,4
58045,899,629,270
58046,273,221,52
58047,1651,1597,54
58048,179,157,22
58049,191,168,23
58051,652,564,88
58052,241,193,48
58053,545,429,116
58054,1375,910,465
58056,80,71,9
58057,38,36,2
58058,37,29,8
58059,506,448,58
58060,548,416,132
58061,144,127,17
58062,65,61,4
58063,142,104,38
58064,193,153,40
58065,13,13,0
58067,121,103,18
58068,171,128,43
58069,54,47,7
58071,201,171,30
58072,3627,2293,1334
58075,3994,2410,1584
58076,0,0,0
58077,265,240,25
58078,13567,9252,4315
58079,170,170,0
58081,369,319,50
58102,13378,6688,6690
58103,23775,9142,14633
58104,17039,8385,8654
58105,0,0,0
58201,18322,8985,9337
58202,0,0,0
58203,7509,2700,4809
58204,728,2,726
58205,0,0,0
58210,189,139,50
58212,293,205,88
58214,141,115,26
58216,52,41,11
58218,355,295,60
58219,14,14,0
58220,954,714,240
58222,123,112,11
58223,100,100,0
58224,25,25,0
58225,439,351,88
58227,242,202,40
58228,378,260,118
58229,45,31,14
58230,340,275,65
58231,170,149,21
58233,103,86,17
58235,182,144,38
58237,2264,1554,710
58238,70,63,7
58239,4,4,0
58240,507,403,104
58241,76,73,3
58243,278,260,18
58244,55,53,2
58249,1100,857,243
58250,111,95,16
58251,825,594,231
58254,239,185,54
58256,304,274,30
58257,893,543,350
58258,133,126,7
58259,192,135,57
58260,92,89,3
58261,534,442,92
58262,29,22,7
58265,198,163,35
58266,81,61,20
58267,563,457,106
58269,121,106,15
58270,861,669,192
58271,292,233,59
58272,116,97,19
58273,119,114,5
58274,385,287,98
58275,291,251,40
58276,242,189,53
58277,81,78,3
58278,730,677,53
58281,49,49,0
58282,690,482,208
58301,4439,2569,1870
58311,45,30,15
58316,2093,1438,655
58317,94,94,0
58318,1715,1331,384
58321,41,34,7
58323,19,19,0
58324,633,444,189
58325,14,11,3
58327,125,116,9
58329,1001,772,229
58330,141,118,23
58331,58,55,3
58332,173,153,20
58335,409,121,288
58338,29,28,1
58339,16,4,12
58341,1181,939,242
58343,32,23,9
58344,428,273,155
58345,62,48,14
58346,317,239,78
58348,347,278,69
58351,203,151,52
58352,207,155,52
58353,39,22,17
58355,28,28,0
58356,809,507,302
58357,110,91,19
58361,115,78,37
58362,9,9,0
58363,52,50,2
58365,121,97,24
58366,466,315,151
58367,648,410,238
58368,1716,1216,500
58369,421,352,69
58370,389,230,159
58372,49,48,1
58374,240,200,40
58377,137,91,46
58379,97,37,60
58380,216,177,39
58381,127,114,13
58382,90,75,15
58384,261,217,44
58385,77,67,10
58386,60,55,5
58401,7738,4733,3005
58402,0,0,0
58405,0,0,0
58413,510,416,94
58415,73,70,3
58416,194,140,54
58418,178,146,32
58420,121,113,8
58421,1207,929,278
58422,75,57,18
58423,23,20,3
58424,124,119,5
58425,575,419,156
58426,70,64,6
58428,112,90,22
58429,186,129,57
58430,48,48,0
58431,60,58,2
58433,450,322,128
58436,771,537,234
58438,364,267,97
58439,68,68,0
58440,46,36,10
58441,165,135,30
58442,214,200,14
58443,101,75,26
58444,101,80,21
58445,84,65,19
58448,142,99,43
58451,84,73,11
58452,16,8,8
58454,183,117,66
58455,146,125,21
58456,267,215,52
58458,485,339,146
58460,115,102,13
58461,208,155,53
58463,349,259,90
58464,103,93,10
58466,149,111,38
58467,240,184,56
58472,186,164,22
58474,1140,798,342
58475,92,72,20
58476,111,95,16
58477,82,66,16
58478,56,40,16
58479,92,87,5
58480,139,111,28
58481,111,98,13
58482,456,310,146
58483,132,108,24
58484,21,19,2
58486,101,87,14
58487,178,143,35
58488,99,87,12
58490,102,80,22
58492,217,181,36
58494,125,91,34
58495,644,464,180
58496,93,55,38
58497,107,82,25
58501,13382,7641,5741
58503,13588,10117,3471
58504,11182,8093,3089
58505,0,0,0
58520,112,97,15
58521,241,225,16
58523,1625,1289,336
58524,39,36,3
58528,146,43,103
58529,285,234,51
58530,454,402,52
58531,184,173,11
58532,107,81,26
58533,477,395,82
58535,271,221,50
58538,650,236,414
58540,1200,927,273
58541,203,161,42
58542,121,109,12
58544,259,237,22
58545,1544,1325,219
58549,109,96,13
58552,817,632,185
58554,11429,7848,3581
58558,382,364,18
58559,86,83,3
58560,66,54,12
58561,497,386,111
58562,184,168,16
58563,909,750,159
58564,40,40,0
58565,133,116,17
58566,50,45,5
58568,201,138,63
58569,40,38,2
58570,148,117,31
58571,240,224,16
58572,118,109,9
58573,249,222,27
58575,424,303,121
58576,412,346,66
58577,868,716,152
58579,576,473,103
58580,109,93,16
58581,128,93,35
58601,10548,6262,4286
58620,49,37,12
58621,651,440,211
58622,730,541,189
58623,961,682,279
58625,131,96,35
58626,149,120,29
58627,73,65,8
58630,274,211,63
58631,520,393,127
58632,95,55,40
58634,86,74,12
58636,357,267,90
58638,513,417,96
58639,827,606,221
58640,634,496,138
58641,52,48,4
58642,124,84,40
58643,101,71,30
58645,136,75,61
58646,527,414,113
58647,453,382,71
58649,144,89,55
58650,169,135,34
58651,254,206,48
58652,481,435,46
58653,315,277,38
58654,114,84,30
58655,206,164,42
58656,197,179,18
58701,13585,8523,5062
58702,0,0,0
58703,9362,5570,3792
58704,1564,27,1537
58705,0,0,0
58707,0,0,0
58710,249,211,38
58711,136,105,31
58712,58,57,1
58713,10,10,0
58716,81,75,6
58718,354,310,44
58721,249,194,55
58722,649,482,167
58723,114,99,15
58725,130,105,25
58727,102,88,14
58730,622,473,149
58731,117,95,22
58733,117,113,4
58734,126,116,10
58735,137,133,4
58736,275,226,49
58737,73,73,0
58740,276,201,75
58741,306,256,50
58744,51,44,7
58746,585,464,121
58748,79,65,14
58750,210,163,47
58752,83,44,39
58755,38,25,13
58756,82,70,12
58757,205,107,98
58758,107,106,1
58759,328,274,54
58760,129,97,32
58761,401,324,77
58762,114,96,18
58763,1169,686,483
58765,221,178,43
58768,115,105,10
58769,85,65,20
58770,486,301,185
58771,257,214,43
58772,74,56,18
58773,329,270,59
58775,65,16,49
58776,92,55,37
58778,92,91,1
58779,193,133,60
58781,284,259,25
58782,211,173,38
58783,183,158,25
58784,1141,802,339
58785,505,395,110
58787,83,78,5
58788,539,456,83
58789,141,108,33
58790,745,577,168
58792,127,120,7
58793,254,185,69
58794,58,42,16
58795,111,77,34
58801,12136,6149,5987
58830,103,99,4
58831,193,155,38
58833,32,11,21
58835,67,64,3
58838,71,49,22
58843,206,199,7
58844,43,17,26
58845,124,99,25
58847,117,93,24
58849,345,278,67
58852,699,471,228
58853,102,57,45
58854,2844,1427,1417
58856,57,38,19
59001,607,500,107
59002,81,49,32
59003,404,183,221
59006,378,249,129
59007,101,84,17
59008,226,186,40
59010,64,33,31
59011,1331,987,344
59012,82,51,31
59013,49,32,17
59014,675,515,160
59015,164,156,8
59016,275,158,117
59018,211,186,25
59019,1665,1347,318
59020,30,24,6
59022,474,301,173
59024,176,104,72
59025,21,8,13
59026,93,68,25
59027,330,247,83
59028,234,158,76
59029,305,268,37
59030,683,352,331
59031,75,57,18
59032,202,165,37
59033,111,98,13
59034,1779,1038,741
59035,86,62,24
59036,566,383,183
59037,713,666,47
59038,313,213,100
59039,20,13,7
59041,740,628,112
59043,700,398,302
59044,4741,3706,1035
59046,181,132,49
59047,5888,4081,1807
59050,377,268,109
59052,74,47,27
59053,92,42,50
59054,121,95,26
59055,30,13,17
59057,327,316,11
59058,17,17,0
59059,85,71,14
59061,122,97,25
59062,5,5,0
59063,782,602,180
59064,80,24,56
59065,82,77,5
59066,157,90,67
59067,83,49,34
59068,1691,1210,481
59069,225,188,37
59070,370,303,67
59071,63,42,21
59072,1881,1319,562
59074,149,117,32
59075,66,44,22
59076,33,17,16
59077,29,21,8
59078,91,74,17
59079,1221,1082,139
59081,7,7,0
59082,19,9,10
59085,47,38,9
59086,421,315,106
59087,158,108,50
59088,639,446,193
59089,129,80,49
59101,16923,10000,6923
59102,20853,13657,7196
59105,12230,8977,3253
59106,6811,5251,1560
59201,1511,952,559
59211,57,52,5
59212,206,157,49
59213,203,141,62
59214,50,39,11
59215,447,371,76
59217,47,43,4
59218,336,258,78
59219,105,83,22
59221,685,517,168
59222,65,56,9
59223,175,128,47
59225,190,89,101
59226,144,112,32
59230,1992,1613,379
59231,230,162,68
59240,12,10,2
59241,271,228,43
59242,27,16,11
59243,102,63,39
59244,11,8,3
59247,169,127,42
59248,324,254,70
59250,106,58,48
59252,36,28,8
59253,35,35,0
59254,986,776,210
59255,968,481,487
59256,45,45,0
59257,30,23,7
59258,55,37,18
59259,142,112,30
59260,75,46,29
59261,230,178,52
59262,271,192,79
59263,739,583,156
59270,3502,2135,1367
59274,101,75,26
59275,164,117,47
59276,10,10,0
59301,4771,3262,1509
59311,75,60,15
59312,10,8,2
59313,1073,700,373
59314,38,23,15
59315,37,34,3
59317,521,371,150
59318,47,29,18
59322,19,12,7
59323,834,754,80
59324,459,389,70
59326,99,68,31
59327,1195,870,325
59330,3724,2511,1213
59332,83,55,28
59333,7,7,0
59336,83,57,26
59337,319,242,77
59338,39,33,6
59339,65,55,10
59343,45,31,14
59344,187,143,44
59347,119,95,24
59349,455,395,60
59351,90,82,8
59353,497,391,106
59354,16,16,0
59401,6579,3286,3293
59404,10702,8705,1997
59405,13392,7201,6191
59410,277,167,110
59411,98,75,23
59412,689,545,144
59414,487,338,149
59416,121,101,20
59417,2245,1258,987
59418,57,24,33
59419,48,30,18
59420,78,72,6
59421,788,603,185
59422,1091,700,391
59424,32,29,3
59425,1335,999,336
59427,1593,968,625
59430,159,114,45
59432,49,42,7
59433,236,192,44
59434,242,174,68
59436,774,562,212
59440,72,24,48
59441,29,26,3
59442,811,569,242
59443,156,151,5
59444,85,36,49
59446,242,186,56
59447,117,91,26
59448,152,86,66
59450,217,168,49
59451,103,88,15
59452,239,200,39
59453,132,115,17
59454,89,72,17
59456,144,50,94
59457,4004,2823,1181
59460,87,71,16
59461,7,7,0
59462,81,76,5
59463,59,55,4
59464,173,134,39
59465,23,19,4
59466,59,34,25
59467,52,42,10
59468,253,196,57
59469,63,57,6
59471,123,100,23
59472,268,172,96
59474,1327,746,581
59477,133,107,26
59479,366,220,146
59480,208,159,49
59482,222,140,82
59483,226,185,41
59484,58,40,18
59485,251,248,3
59486,449,349,100
59487,512,381,131
59489,128,89,39
59501,5139,3139,2000
59520,422,317,105
59521,993,416,577
59522,683,402,281
59523,941,671,270
59524,238,149,89
59525,116,79,37
59526,802,390,412
59527,286,136,150
59528,116,82,34
59529,76,48,28
59530,30,26,4
59531,129,116,13
59532,91,68,23
59535,34,14,20
59537,18,12,6
59538,1255,973,282
59540,127,110,17
59542,61,40,21
59544,86,42,44
59545,31,20,11
59546,50,47,3
59547,24,21,3
59601,13864,7721,6143
59602,10145,8480,1665
59631,106,92,14
59632,639,441,198
59633,94,91,3
59634,1913,1777,136
59635,2744,2082,662
59636,0,0,0
59638,218,188,30
59639,542,424,118
59640,41,41,0
59642,38,20,18
59643,211,194,17
59644,1787,1385,402
59645,646,472,174
59647,136,128,8
59648,248,185,63
59701,14647,9648,4999
59703,22,22,0
59710,100,63,37
59711,3950,2736,1214
59713,85,49,36
59714,7720,5490,2230
59715,14029,7377,6652
59716,927,508,419
59718,14799,9185,5614
59720,83,83,0
59721,188,149,39
59722,1909,1302,607
59724,37,20,17
59725,3355,2250,1105
59727,99,84,15
59728,161,137,24
59729,1089,771,318
59730,822,606,216
59731,53,44,9
59732,85,33,52
59733,61,32,29
59735,97,74,23
59736,40,26,14
59739,115,84,31
59740,141,127,14
59741,1748,1277,471
59743,54,39,15
59745,38,28,10
59746,70,66,4
59747,67,55,12
59748,108,104,4
59749,746,610,136
59750,165,156,9
59751,115,73,42
59752,1407,1016,391
59754,407,306,101
59755,100,86,14
59756,11,0,11
59758,781,431,350
59759,1551,1261,290
59760,136,92,44
59761,150,90,60
59762,120,100,20
59801,14237,5701,8536
59802,9283,4238,5045
59803,6603,5000,1603
59804,3184,2134,1050
59808,7938,5189,2749
59820,729,614,115
59821,955,729,226
59823,746,601,145
59824,635,411,224
59825,927,778,149
59826,217,195,22
59827,107,91,16
59828,2158,1745,413
59829,1023,748,275
59830,84,65,19
59831,195,141,54
59832,286,171,115
59833,2289,2022,267
59834,930,828,102
59837,189,133,56
59840,6098,4192,1906
59841,166,126,40
59842,13,13,0
59843,106,65,41
59844,281,230,51
59845,600,433,167
59846,596,559,37
59847,2183,1784,399
59848,63,51,12
59851,57,57,0
59853,331,244,87
59854,100,68,32
59855,330,121,209
59856,126,93,33
59858,545,441,104
59859,1291,1013,278
59860,4276,3067,1209
59863,30,23,7
59864,2618,1745,873
59865,1287,970,317
59866,356,232,124
59867,31,8,23
59868,815,690,125
59870,4085,3299,786
59871,127,75,52
59872,825,607,218
59873,1465,1073,392
59874,647,547,100
59875,1536,1165,371
59901,20514,14451,6063
59910,252,239,13
59911,3584,2928,656
59912,5800,4342,1458
59913,243,212,31
59914,105,91,14
59915,139,100,39
59916,80,74,6
59917,1840,1492,348
59918,296,245,51
59919,251,147,104
59920,638,550,88
59922,868,654,214
59923,4097,3054,1043
59925,454,402,52
59926,185,108,77
59927,145,107,38
59928,97,78,19
59929,102,78,24
59930,219,173,46
59931,139,111,28
59932,550,505,45
59933,23,20,3
59934,230,207,23
59935,1554,1273,281
59936,132,102,30
59937,5897,4132,1765
60002,9073,7218,1855
60004,20061,15856,4205
60005,12555,8009,4546
60007,13411,9946,3465
60008,8313,5616,2697
60010,16546,14918,1628
60012,3849,3536,313
60013,9131,7931,1200
60014,17585,13648,3937
60015,9768,8220,1548
60016,22895,15030,7865
60018,10029,7140,2889
60020,4351,3083,1268
60021,2085,1772,313
60022,3091,2915,176
60025,14991,12362,2629
60026,5344,3821,1523
60029,150,147,3
60030,14209,11011,3198
60031,13706,9931,3775
60033,4618,2882,1736
60034,768,507,261
60035,11563,9623,1940
60040,1999,768,1231
60041,3424,2798,626
60042,3271,2618,653
60043,794,712,82
60044,3927,2757,1170
60045,7437,6386,1051
60046,12418,10330,2088
60047,13757,12481,1276
60048,10315,8676,1639
60050,12470,8840,3630
60051,8648,7095,1553
60053,8336,7610,726
60056,20724,14385,6339
60060,12666,9690,2976
60061,9980,6657,3323
60062,15951,13144,2807
60064,5134,2100,3034
60067,15571,12068,3503
60068,14231,11728,2503
60069,3432,2784,648
60070,5790,4005,1785
60071,1399,913,486
60072,364,335,29
60073,18806,14547,4259
60074,14510,8923,5587
60076,10692,8332,2360
60077,10254,6107,4147
60081,3443,2943,500
60083,3506,2999,507
60084,6183,4784,1399
60085,22747,9242,13505
60087,9517,6000,3517
60088,1109,0,1109
60089,15596,12340,3256
60090,14019,8489,5530
60091,9635,8364,1271
60093,6871,6039,832
60096,2628,1977,651
60097,4370,3618,752
60098,12313,8103,4210
60099,10309,6493,3816
60101,13261,8900,4361
60102,11616,10253,1363
60103,13714,11854,1860
60104,6224,4247,1977
60106,7036,3826,3210
60107,13217,10862,2355
60108,8765,6456,2309
60109,202,147,55
60110,11106,7729,3377
60111,79,71,8
60112,1426,1127,299
60113,139,76,63
60115,16012,6350,9662
60118,6474,4911,1563
60119,3588,3042,546
60120,15506,10131,5375
60123,16665,10881,5784
60124,7774,7147,627
60126,16837,13525,3312
60129,121,103,18
60130,7115,3636,3479
60131,6213,4599,1614
60133,11219,8391,2828
60134,10510,8784,1726
60135,2632,1742,890
60136,2406,2268,138
60137,14295,11351,2944
60139,11451,7220,4231
60140,6031,5171,860
60141,22,0,22
60142,11564,10657,907
60143,4208,3174,1034
60144,32,30,2
60145,847,596,251
60146,1005,767,238
60148,20300,14653,5647
60150,690,524,166
60151,1489,1202,287
60152,4591,3441,1150
60153,7690,4677,3013
60154,6557,5916,641
60155,3204,2071,1133
60156,9614,7969,1645
60157,855,838,17
60160,7695,3989,3706
60162,2969,1783,1186
60163,1713,1480,233
60164,6551,4752,1799
60165,1264,640,624
60169,11615,7796,3819
60171,3765,2270,1495
60172,9018,6923,2095
60173,5695,1886,3809
60174,12491,8706,3785
60175,7990,7661,329
60176,4291,2555,1736
60177,7482,6059,1423
60178,8353,5493,2860
60180,630,429,201
60181,10776,7489,3287
60184,863,809,54
60185,10573,7785,2788
60187,9825,7225,2600
60188,14961,10207,4754
60189,11539,8783,2756
60190,4389,4004,385
60191,5192,4067,1125
60192,5301,4744,557
60193,15126,11417,3709
60194,7476,5304,2172
60195,2223,739,1484
60201,15088,9008,6080
60202,13436,7044,6392
60203,1489,1385,104
60301,1595,357,1238
60302,13707,7867,5840
60304,6382,4456,1926
60305,3965,3528,437
60401,3037,2640,397
60402,20764,12408,8356
60403,6897,4576,2321
60404,6449,5702,747
60406,8747,4432,4315
60407,618,449,169
60408,2149,1571,578
60409,13822,7432,6390
60410,4160,3729,431
60411,19502,12170,7332
60415,5159,2712,2447
60416,3650,2585,1065
60417,5780,5015,765
60419,7637,5075,2562
60420,2111,1449,662
60421,1453,1319,134
60422,3495,3060,435
60423,10271,9636,635
60424,1006,754,252
60425,3040,2373,667
60426,10311,5382,4929
60428,4015,2877,1138
60429,5816,3722,2094
60430,7848,6061,1787
60431,7405,6501,904
60432,6184,3311,2873
60433,5431,3135,2296
60435,18318,11534,6784
60436,6031,3604,2427
60437,77,63,14
60438,11440,7466,3974
60439,8258,6883,1375
60440,16415,12150,4265
60441,11854,9643,2211
60442,3482,2974,508
60443,8201,6702,1499
60444,696,504,192
60445,10568,7881,2687
60446,11665,9666,1999
60447,4647,4121,526
60448,9122,8186,936
60449,3592,3308,284
60450,8496,5233,3263
60451,11561,10540,1021
60452,10295,7978,2317
60453,21415,16841,4574
60455,5559,3945,1614
60456,1718,1421,297
60457,4957,3576,1381
60458,5330,2907,2423
60459,9173,7129,2044
60460,516,398,118
60461,1922,1638,284
60462,15364,12920,2444
60463,5448,5102,346
60464,3847,3321,526
60465,6714,5098,1616
60466,8386,5000,3386
60467,9779,9315,464
60468,2233,1841,392
60469,1822,1305,517
60470,210,177,33
60471,5070,2760,2310
60472,1617,805,812
60473,7279,6121,1158
60474,402,298,104
60475,4340,2810,1530
60476,1043,754,289
60477,15030,11561,3469
60478,5874,4420,1454
60479,372,276,96
60480,1977,1594,383
60481,4678,3591,1087
60482,4107,2638,1469
60484,2444,1470,974
60487,8866,8240,626
60490,6068,5763,305
60491,7854,7381,473
60501,3472,1814,1658
60502,8056,6258,1798
60503,5303,4635,668
60504,13163,7696,5467
60505,21665,12176,9489
60506,17759,11383,6376
60510,10789,8411,2378
60511,652,561,91
60512,391,356,35
60513,6997,5512,1485
60514,3849,2993,856
60515,11522,8721,2801
60516,11973,9341,2632
60517,12689,8449,4240
60518,1372,973,399
60519,24,18,6
60520,1058,809,249
60521,6048,5156,892
60523,4477,3729,748
60525,11508,9190,2318
60526,5126,3596,1530
60527,11408,9034,2374
60530,201,154,47
60531,699,561,138
60532,12354,7497,4857
60534,3836,2360,1476
60536,44,30,14
60537,243,216,27
60538,9072,7327,1745
60539,0,0,0
60540,16048,12191,3857
60541,1258,1051,207
60542,6640,5296,1344
60543,13167,11136,2031
60544,9347,7438,1909
60545,4398,3198,1200
60546,5864,4427,1437
60548,4398,3451,947
60549,94,94,0
60550,642,418,224
60551,1540,1228,312
60552,1744,1286,458
60553,300,240,60
60554,4467,4052,415
60555,4939,3908,1031
60556,721,561,160
60557,76,76,0
60558,4401,4221,180
60559,10390,5756,4634
60560,8286,6801,1485
60561,9162,7726,1436
60563,15208,8424,6784
60564,13343,11893,1450
60565,13810,12405,1405
60585,7098,6405,693
60586,13377,12254,1123
60601,8864,3335,5529
60602,602,225,377
60603,564,325,239
60604,479,170,309
60605,13865,7727,6138
60606,2084,912,1172
60607,12823,5504,7319
60608,25627,9348,16279
60609,20603,7657,12946
60610,23269,9261,14008
60611,20726,9619,11107
60612,13142,3637,9505
60613,26449,10405,16044
60614,33584,14969,18615
60615,21122,6317,14805
60616,24417,8786,15631
60617,28188,15960,12228
60618,35091,16404,18687
60619,26234,10696,15538
60620,25239,11727,13512
60621,10900,2656,8244
60622,23410,8767,14643
60623,25005,8434,16571
60624,11831,2889,8942
60625,29527,11726,17801
60626,22417,5540,16877
60628,22996,13158,9838
60629,31827,18179,13648
60630,20952,13441,7511
60631,11921,9041,2880
60632,24918,13439,11479
60633,4682,3175,1507
60634,26116,18719,7397
60636,11062,5204,5858
60637,19232,4843,14389
60638,20199,15551,4648
60639,25570,12006,13564
60640,34969,11066,23903
60641,24773,12793,11980
60642,9263,3618,5645
60643,17934,13410,4524
60644,16339,4538,11801
60645,16255,8221,8034
60646,10904,8218,2686
60647,34714,13301,21413
60649,21043,4526,16517
60651,19653,8607,11046
60652,13370,10898,2472
60653,14575,3488,11087
60654,12068,5098,6970
60655,10231,8856,1375
60656,12088,7424,4664
60657,36624,14252,22372
60659,13193,5234,7959
60660,20676,7574,13102
60661,5911,1716,4195
60706,8869,6822,2047
60707,15626,10312,5314
60712,4260,3612,648
60714,11004,8084,2920
60803,8433,5223,3210
60804,22226,10850,11376
60805,6998,5437,1561
60827,10851,4552,6299
60901,12677,7616,5061
60910,226,155,71
60911,530,391,139
60912,215,186,29
60913,595,557,38
60914,10372,7494,2878
60915,3725,2267,1458
60917,162,130,32
60918,362,317,45
60919,208,164,44
60920,80,60,20
60921,606,422,184
60922,872,694,178
60924,669,508,161
60926,20,20,0
60927,827,644,183
60928,317,258,59
60929,333,215,118
60930,339,286,53
60931,210,178,32
60932,41,33,8
60933,135,99,36
60934,126,102,24
60935,377,348,29
60936,1861,1245,616
60938,789,579,210
60940,1283,1060,223
60941,822,672,150
60942,2437,1709,728
60945,86,77,9
60946,180,137,43
60948,656,575,81
60949,222,158,64
60950,4501,3160,1341
60951,331,244,87
60952,264,220,44
60953,1026,824,202
60954,2099,1531,568
60955,617,524,93
60957,2129,1520,609
60958,715,397,318
60959,481,352,129
60960,399,326,73
60961,272,247,25
60962,290,182,108
60963,683,455,228
60964,1920,1427,493
60966,651,531,120
60968,129,99,30
60969,17,11,6
60970,3151,2141,1010
60973,167,98,69
60974,120,100,20
61001,477,418,59
61006,708,504,204
61007,201,149,52
61008,12258,9217,3041
61010,2935,2320,615
61011,835,803,32
61012,856,689,167
61013,186,176,10
61014,505,392,113
61015,399,305,94
61016,2116,1703,413
61018,424,335,89
61019,1321,1184,137
61020,1014,879,135
61021,8943,6485,2458
61024,1036,827,209
61025,1950,1475,475
61027,40,0,40
61028,1020,752,268
61030,940,702,238
61031,624,475,149
61032,13238,8305,4933
61036,3022,2427,595
61037,26,26,0
61038,433,420,13
61039,370,283,87
61041,532,360,172
61042,278,201,77
61043,35,26,9
61044,103,84,19
61046,1071,842,229
61047,831,680,151
61048,1680,1320,360
61049,216,190,26
61050,166,137,29
61051,717,499,218
61052,360,335,25
61053,1184,908,276
61054,1645,974,671
61057,48,48,0
61059,74,60,14
61060,637,462,175
61061,2953,2134,819
61062,730,624,106
61063,1741,1361,380
61064,1531,1171,360
61065,3383,2879,504
61067,350,292,58
61068,5708,3629,2079
61070,524,456,68
61071,5689,4139,1550
61072,4439,3800,639
61073,6995,5924,1071
61074,1989,1453,536
61075,440,382,58
61077,18,18,0
61078,535,449,86
61079,54,47,7
61080,3888,2959,929
61081,8813,6244,2569
61084,1217,1105,112
61085,1486,1154,332
61087,666,517,149
61088,2356,2077,279
61089,307,253,54
61091,20,20,0
61101,7595,3915,3680
61102,6113,3998,2115
61103,10319,5601,4718
61104,7865,2580,5285
61107,13288,8890,4398
61108,11234,7433,3801
61109,10881,6564,4317
61111,9813,6706,3107
61112,59,0,59
61114,6529,4767,1762
61115,8660,6581,2079
61201,15433,10028,5405
61230,500,427,73
61231,2270,1565,705
61232,524,476,48
61234,601,410,191
61235,592,508,84
61236,41,25,16
61238,1323,1129,194
61239,503,188,315
61240,2446,2146,300
61241,2731,2309,422
61242,511,417,94
61243,107,97,10
61244,9319,6401,2918
61250,1038,850,188
61251,139,139,0
61252,2357,1857,500
61254,4429,3613,816
61256,792,652,140
61257,431,359,72
61258,77,65,12
61259,494,394,100
61260,443,354,89
61261,360,289,71
61262,448,417,31
61263,259,174,85
61264,4739,3511,1228
61265,18928,12423,6505
61270,2878,2378,500
61272,527,424,103
61273,1365,1184,181
61274,93,58,35
61275,1836,1592,244
61276,36,36,0
61277,1320,1066,254
61278,161,149,12
61279,397,317,80
61281,969,855,114
61282,3354,1921,1433
61283,547,428,119
61284,870,804,66
61285,673,584,89
61301,4218,2681,1537
61310,1582,1160,422
61311,88,75,13
61312,207,163,44
61313,88,69,19
61314,375,301,74
61315,76,54,22
61316,130,108,22
61317,195,161,34
61318,305,211,94
61319,567,492,75
61320,314,253,61
61321,104,87,17
61322,510,373,137
61323,30,28,2
61324,44,44,0
61325,389,317,72
61326,920,741,179
61327,523,392,131
61328,9,9,0
61329,519,450,69
61330,581,505,76
61331,9,9,0
61332,35,35,0
61333,120,116,4
61334,281,215,66
61335,172,125,47
61336,219,178,41
61337,168,130,38
61338,120,90,30
61340,115,95,20
61341,3129,2317,812
61342,3425,2465,960
61344,164,119,45
61345,338,303,35
61346,33,33,0
61348,1906,1541,365
61349,358,284,74
61350,10017,6740,3277
61353,522,409,113
61354,4643,3273,1370
61356,4666,3403,1263
61358,143,125,18
61359,125,109,16
61360,1341,1004,337
61361,471,355,116
61362,2333,1641,692
61363,130,96,34
61364,8068,5984,2084
61367,352,253,99
61368,576,474,102
61369,737,625,112
61370,563,420,143
61372,60,43,17
61373,893,746,147
61374,58,48,10
61375,512,499,13
61376,872,661,211
61377,598,442,156
61378,166,145,21
61379,565,479,86
61401,13714,8005,5709
61410,1535,1074,461
61411,233,184,49
61412,591,529,62
61413,398,324,74
61414,373,271,102
61415,740,627,113
61416,110,83,27
61417,112,103,9
61418,252,213,39
61419,64,52,12
61420,465,383,82
61421,510,415,95
61422,1255,959,296
61423,205,180,25
61424,42,30,12
61425,179,172,7
61426,42,42,0
61427,883,744,139
61428,408,405,3
61430,323,234,89
61431,139,109,30
61432,253,230,23
61433,31,26,5
61434,1336,1016,320
61435,14,14,0
61436,326,268,58
61437,402,309,93
61438,338,274,64
61439,115,92,23
61440,285,264,21
61441,432,362,70
61442,310,240,70
61443,5570,3672,1898
61447,404,381,23
61448,1427,1126,301
61449,166,136,30
61450,742,646,96
61451,119,117,2
61452,108,107,1
61453,251,193,58
61454,234,170,64
61455,7166,4205,2961
61458,321,265,56
61459,163,148,15
61460,134,112,22
61462,4384,3123,1261
61465,513,424,89
61466,146,115,31
61467,417,339,78
61468,37,37,0
61469,1001,835,166
61470,166,154,12
61471,30,30,0
61472,236,217,19
61473,627,481,146
61474,112,92,20
61475,96,78,18
61476,167,155,12
61477,274,210,64
61478,117,113,4
61479,25,25,0
61480,488,333,155
61482,275,226,49
61483,878,695,183
61484,352,320,32
61485,216,167,49
61486,576,456,120
61488,457,384,73
61489,378,281,97
61490,469,371,98
61491,844,697,147
61501,673,602,71
61516,288,239,49
61517,1220,1092,128
61519,112,86,26
61520,6379,4456,1923
61523,4420,3571,849
61524,144,97,47
61525,3112,2595,517
61526,294,294,0
61528,1114,958,156
61529,1061,857,204
61530,2560,1824,736
61531,1364,1129,235
61532,252,233,19
61533,949,783,166
61534,705,614,91
61535,561,541,20
61536,1186,936,250
61537,1155,914,241
61539,86,70,16
61540,1047,800,247
61541,53,51,2
61542,1477,1169,308
61543,71,56,15
61544,245,212,33
61545,273,248,25
61546,1646,1387,259
61547,1503,1418,85
61548,4362,3772,590
61550,7495,5736,1759
61552,60,50,10
61553,66,53,13
61554,17390,12704,4686
61559,1170,962,208
61560,282,268,14
61561,966,794,172
61562,27,27,0
61563,226,165,61
61564,343,276,67
61565,644,583,61
61567,258,209,49
61568,1474,1185,289
61569,440,430,10
61570,695,521,174
61571,9881,7667,2214
61572,521,400,121
61602,551,104,447
61603,6338,3135,3203
61604,12647,8342,4305
61605,5829,2184,3645
61606,2225,902,1323
61607,4230,3675,555
61610,2146,1539,607
61611,10777,8248,2529
61614,12683,8193,4490
61615,9802,5797,4005
61616,2659,1477,1182
61625,5,0,5
61701,15213,7922,7291
61704,14773,10019,4754
61705,4458,3729,729
61720,73,60,13
61721,242,189,53
61722,173,135,38
61723,996,857,139
61724,195,160,35
61725,549,537,12
61726,973,680,293
61727,4078,3158,920
61728,484,375,109
61729,430,396,34
61730,146,127,19
61731,83,83,0
61732,749,657,92
61733,331,275,56
61734,1115,863,252
61735,169,150,19
61736,623,577,46
61737,197,166,31
61738,1586,1255,331
61739,1899,1377,522
61740,617,497,120
61741,600,463,137
61742,476,426,50
61743,84,78,6
61744,716,590,126
61745,1626,1309,317
61747,587,450,137
61748,1054,960,94
61749,212,176,36
61750,65,60,5
61751,40,32,8
61752,1659,1305,354
61753,1151,948,203
61754,442,356,86
61755,1778,1578,200
61756,857,712,145
61759,597,473,124
61760,1015,830,185
61761,19689,10809,8880
61764,5168,3423,1745
61769,232,202,30
61770,464,367,97
61771,291,274,17
61772,99,70,29
61773,189,141,48
61774,394,339,55
61775,107,86,21
61776,532,464,68
61777,313,257,56
61778,253,230,23
61801,11568,3766,7802
61802,8579,4958,3621
61810,134,104,30
61811,227,175,52
61812,166,135,31
61813,668,537,131
61814,422,347,75
61815,107,77,30
61816,174,158,16
61817,1077,831,246
61818,641,562,79
61820,14299,3074,11225
61821,13366,7704,5662
61822,10226,7099,3127
61830,162,140,22
61831,63,60,3
61832,14435,8472,5963
61833,937,710,227
61834,2711,2305,406
61839,255,206,49
61840,296,250,46
61841,515,470,45
61842,1217,945,272
61843,906,745,161
61844,319,286,33
61845,161,146,15
61846,2060,1489,571
61847,463,414,49
61848,83,67,16
61849,788,675,113
61850,168,155,13
61851,150,126,24
61852,79,72,7
61853,4953,4132,821
61854,534,446,88
61855,56,56,0
61856,3177,2507,670
61857,96,81,15
61858,1242,1036,206
61859,477,439,38
61862,209,179,30
61863,305,270,35
61864,630,555,75
61865,568,452,116
61866,5514,2861,2653
61870,537,406,131
61871,134,116,18
61872,303,273,30
61873,2379,2022,357
61874,3388,1635,1753
61875,302,251,51
61876,231,204,27
61877,666,549,117
61878,637,469,168
61880,1400,1229,171
61882,290,255,35
61883,1670,1298,372
61884,460,405,55
61910,1449,928,521
61911,1597,1151,446
61912,585,494,91
61913,656,546,110
61914,783,672,111
61917,310,233,77
61919,369,320,49
61920,9124,4994,4130
61924,977,782,195
61925,273,257,16
61928,365,262,103
61929,288,202,86
61930,271,202,69
61931,439,342,97
61932,204,154,50
61933,437,330,107
61936,113,113,0
61937,842,625,217
61938,9374,5919,3455
61940,100,83,17
61941,45,6,39
61942,481,371,110
61943,744,602,142
61944,5263,3926,1337
61949,80,66,14
61951,3297,2529,768
61953,2599,1767,832
61955,76,56,20
61956,1108,879,229
61957,781,605,176
62001,706,575,131
62002,13397,8662,4735
62006,180,175,5
62009,745,553,192
62010,4532,3305,1227
62011,71,67,4
62012,2525,2214,311
62013,256,207,49
62014,1658,1309,349
62015,243,194,49
62016,1380,1042,338
62017,444,358,86
62018,1290,824,466
62019,181,147,34
62021,383,374,9
62022,449,414,35
62023,35,35,0
62024,4271,2868,1403
62025,12079,8755,3324
62027,206,189,17
62028,332,277,55
62030,49,35,14
62031,323,310,13
62032,285,264,21
62033,1960,1446,514
62034,5589,4092,1497
62035,6788,5431,1357
62036,351,310,41
62037,872,720,152
62040,17699,12226,5473
62044,807,666,141
62045,135,129,6
62046,277,192,85
62047,540,413,127
62048,672,508,164
62049,2755,2151,604
62050,115,80,35
62051,295,234,61
62052,4926,3619,1307
62053,187,136,51
62054,271,224,47
62056,3791,2669,1122
62058,377,253,124
62059,208,81,127
62060,1973,966,1007
62061,690,542,148
62062,3465,2678,787
62063,474,396,78
62065,54,54,0
62067,1149,922,227
62069,1289,1097,192
62070,37,37,0
62074,479,436,43
62075,1393,1138,255
62076,51,39,12
62077,108,94,14
62078,26,23,3
62079,93,93,0
62080,916,814,102
62081,130,124,6
62082,994,772,222
62083,87,87,0
62084,607,382,225
62085,76,53,23
62086,588,494,94
62087,787,453,334
62088,2874,1948,926
62089,222,156,66
62090,486,158,328
62091,146,122,24
62092,1194,947,247
62093,193,153,40
62094,442,380,62
62095,4417,2740,1677
62097,1091,968,123
62098,16,16,0
62201,2587,701,1886
62203,2832,1962,870
62204,3339,1369,1970
62205,3370,1814,1556
62206,5223,2452,2771
62207,3495,1396,2099
62208,7006,4603,2403
62214,507,441,66
62215,685,484,201
62216,987,783,204
62217,336,247,89
62218,618,556,62
62219,397,318,79
62220,7493,4694,2799
62221,12151,8025,4126
62223,6870,5212,1658
62225,1344,19,1325
62226,12258,7910,4348
62230,2570,2163,407
62231,2969,2365,604
62232,2581,2117,464
62233,2484,1831,653
62234,13375,9304,4071
62236,5286,4560,726
62237,1016,845,171
62238,241,176,65
62239,1956,1398,558
62240,575,404,171
62241,432,388,44
62242,530,477,53
62243,2355,1916,439
62244,411,365,46
62245,698,591,107
62246,3324,2365,959
62248,156,113,43
62249,6142,4567,1575
62250,195,172,23
62253,256,230,26
62254,2512,1674,838
62255,378,316,62
62257,1165,920,245
62258,3364,2682,682
62260,2910,2445,465
62261,50,50,0
62262,697,645,52
62263,2207,1705,502
62264,1481,1143,338
62265,1695,1298,397
62266,30,30,0
62268,274,210,64
62269,11756,8472,3284
62271,921,709,212
62272,630,511,119
62273,126,89,37
62274,2502,1825,677
62275,1497,1267,230
62277,570,505,65
62278,2528,2011,517
62279,7,7,0
62280,152,128,24
62281,937,837,100
62282,163,148,15
62284,228,188,40
62285,1669,1488,181
62286,2667,1877,790
62288,1255,912,343
62289,124,76,48
62292,364,266,98
62293,1739,1333,406
62294,5203,4024,1179
62295,564,471,93
62297,126,115,11
62298,6660,5497,1163
62301,13872,8247,5625
62305,7653,6481,1172
62311,288,251,37
62312,813,632,181
62313,165,141,24
62314,188,159,29
62316,207,174,33
62319,133,121,12
62320,838,679,159
62321,1689,1344,345
62323,111,103,8
62324,496,409,87
62325,171,144,27
62326,930,722,208
62330,778,668,110
62334,59,49,10
62336,12,10,2
62338,473,446,27
62339,367,300,67
62340,699,543,156
62341,1389,1035,354
62343,347,290,57
62344,7,4,3
62345,179,152,27
62346,96,87,9
62347,749,644,105
62348,65,65,0
62349,251,215,36
62351,747,607,140
62352,109,89,20
62353,1508,1077,431
62354,612,463,149
62355,319,297,22
62356,198,140,58
62357,189,125,64
62358,295,285,10
62359,85,85,0
62360,700,595,105
62361,171,147,24
62362,156,125,31
62363,2463,1837,626
62365,243,217,26
62366,641,519,122
62367,455,356,99
62370,105,99,6
62373,121,121,0
62374,195,184,11
62375,136,129,7
62376,470,307,163
62378,435,370,65
62379,712,587,125
62380,114,100,14
62401,7689,5597,2092
62410,416,379,37
62411,1610,1241,369
62413,149,125,24
62414,749,629,120
62417,1373,1082,291
62418,767,624,143
62419,110,106,4
62420,2130,1646,484
62421,203,171,32
62422,442,361,81
62423,219,204,15
62424,889,775,114
62425,221,214,7
62426,351,315,36
62427,673,545,128
62428,1132,857,275
62431,417,323,94
62432,174,155,19
62433,429,380,49
62434,178,169,9
62436,273,225,48
62438,101,93,8
62439,3235,2243,992
62440,543,451,92
62441,2839,1966,873
62442,1213,886,327
62443,619,551,68
62444,127,120,7
62445,476,372,104
62446,156,133,23
62447,1425,1153,272
62448,2173,1714,459
62449,1366,1074,292
62450,5156,3500,1656
62451,933,709,224
62452,151,104,47
62454,4167,3170,997
62458,803,671,132
62459,120,108,12
62460,500,417,83
62461,299,261,38
62462,336,274,62
62463,480,401,79
62465,372,353,19
62466,1017,642,375
62467,1474,1288,186
62468,1062,782,280
62469,240,219,21
62471,3307,2456,851
62473,577,541,36
62474,394,348,46
62475,156,156,0
62476,685,603,82
62477,310,256,54
62478,140,140,0
62479,271,215,56
62480,227,180,47
62481,169,161,8
62501,1099,960,139
62510,672,512,160
62512,177,166,11
62513,618,467,151
62514,72,72,0
62515,403,297,106
62517,69,52,17
62518,98,75,23
62519,37,37,0
62520,697,610,87
62521,14878,10807,4071
62522,6245,4128,2117
62523,422,4,418
62526,14116,8741,5375
62530,684,517,167
62531,762,575,187
62532,57,57,0
62533,339,249,90
62534,607,450,157
62535,1172,1037,135
62536,311,261,50
62537,37,37,0
62538,138,113,25
62539,523,440,83
62540,665,460,205
62541,23,23,0
62543,241,130,111
62544,652,570,82
62545,482,436,46
62546,659,544,115
62547,378,342,36
62548,1021,853,168
62549,2342,1815,527
62550,1118,925,193
62551,280,242,38
62553,194,174,20
62554,507,419,88
62555,167,148,19
62556,144,137,7
62557,3048,2319,729
62558,1314,1038,276
62560,456,360,96
62561,2072,1502,570
62563,2191,1952,239
62565,3176,2426,750
62567,462,360,102
62568,6587,4635,1952
62570,203,171,32
62571,638,524,114
62572,234,216,18
62573,702,565,137
62601,158,136,22
62610,61,53,8
62611,463,399,64
62612,786,612,174
62613,1543,1227,316
62615,2122,1684,438
62617,304,244,60
62618,2847,2008,839
62621,455,322,133
62622,22,10,12
62624,203,202,1
62625,355,339,16
62626,2908,2169,739
62627,406,344,62
62628,313,242,71
62629,5190,4082,1108
62630,141,128,13
62631,132,90,42
62633,241,209,32
62634,320,250,70
62635,301,234,67
62638,515,435,80
62639,126,112,14
62640,1487,1204,283
62642,597,461,136
62643,237,175,62
62644,2161,1617,544
62649,193,137,56
62650,10593,6712,3881
62655,220,171,49
62656,6904,4662,2242
62661,630,482,148
62663,102,93,9
62664,1339,1002,337
62665,565,465,100
62666,247,214,33
62667,204,139,65
62668,556,463,93
62670,1102,914,188
62671,211,153,58
62672,97,85,12
62673,186,165,21
62674,628,483,145
62675,2592,1939,653
62677,959,844,115
62681,2128,1522,606
62682,388,334,54
62684,2129,1807,322
62685,979,803,176
62688,266,209,57
62689,220,195,25
62690,1636,1260,376
62691,848,679,169
62692,858,724,134
62693,543,471,72
62694,1201,960,241
62695,103,87,16
62701,578,9,569
62702,15642,9578,6064
62703,12310,7078,5232
62704,18951,11149,7802
62707,3096,2706,390
62711,6974,5984,990
62712,4146,3239,907
62801,8422,5839,2583
62803,413,324,89
62806,1467,1133,334
62807,309,229,80
62808,591,455,136
62809,67,58,9
62810,335,277,58
62811,101,88,13
62812,4499,3091,1408
62814,722,623,99
62815,119,108,11
62816,515,402,113
62817,230,179,51
62818,122,118,4
62819,186,157,29
62820,61,48,13
62821,3186,2465,721
62822,1250,837,413
62823,704,578,126
62824,727,536,191
62825,84,69,15
62827,543,400,143
62828,534,461,73
62829,0,0,0
62830,576,428,148
62831,184,153,31
62832,3909,2860,1049
62833,167,142,25
62835,409,323,86
62836,275,234,41
62837,4011,2913,1098
62838,706,602,104
62839,2701,1959,742
62841,38,37,1
62842,301,233,68
62843,54,50,4
62844,885,691,194
62846,241,168,73
62848,281,199,82
62849,827,736,91
62850,139,135,4
62851,75,62,13
62852,35,33,2
62853,365,327,38
62854,682,567,115
62856,183,147,36
62858,1152,907,245
62859,2420,1929,491
62860,239,208,31
62861,63,47,16
62862,155,133,22
62863,4242,3151,1091
62864,10303,6989,3314
62865,829,774,55
62867,223,183,40
62868,625,538,87
62869,1115,931,184
62870,843,666,177
62871,253,215,38
62872,400,349,51
62874,202,176,26
62875,477,422,55
62876,82,77,5
62877,248,202,46
62878,176,163,13
62879,47,32,15
62880,267,205,62
62881,4624,3253,1371
62882,964,771,193
62883,330,286,44
62884,1206,973,233
62885,290,229,61
62886,105,98,7
62887,131,90,41
62888,876,691,185
62889,376,323,53
62890,1123,894,229
62891,229,211,18
62892,141,122,19
62893,414,353,61
62894,397,329,68
62895,840,659,181
62896,5130,3609,1521
62897,142,128,14
62898,814,726,88
62899,750,567,183
62901,10489,3530,6959
62902,2000,1264,736
62903,1137,580,557
62905,240,225,15
62906,2564,1781,783
62907,795,684,111
62908,200,176,24
62910,1074,928,146
62912,531,432,99
62914,1048,644,404
62915,142,103,39
62916,358,306,52
62917,945,696,249
62918,4129,2786,1343
62919,330,301,29
62920,1392,1149,243
62921,175,151,24
62922,1079,961,118
62923,165,145,20
62924,1140,750,390
62926,850,694,156
62927,154,97,57
62928,97,61,36
62930,2581,1855,726
62931,567,437,130
62932,585,448,137
62933,654,335,319
62934,427,337,90
62935,735,540,195
62938,1109,909,200
62939,1289,1111,178
62940,113,103,10
62941,288,262,26
62942,267,162,105
62943,162,142,20
62946,5226,3745,1481
62947,200,184,16
62948,5339,3838,1501
62949,357,221,136
62950,91,83,8
62951,1901,1421,480
62952,1199,1012,187
62953,110,71,39
62954,220,152,68
62956,289,234,55
62957,320,226,94
62958,877,626,251
62959,11055,7302,3753
62960,4582,3309,1273
62961,21,21,0
62962,5,0,5
62963,258,135,123
62964,554,413,141
62965,32,20,12
62966,6431,4280,2151
62967,107,103,4
62969,117,90,27
62970,302,244,58
62972,423,387,36
62974,615,537,78
62975,146,72,74
62976,141,117,24
62977,277,226,51
62979,537,379,158
62982,368,271,97
62983,593,468,125
62984,684,502,182
62985,318,290,28
62987,501,433,68
62988,516,425,91
62990,286,240,46
62992,286,184,102
62994,225,178,47
62995,1591,1223,368
62996,178,150,28
62997,214,156,58
62998,139,109,30
62999,602,421,181
63005,6376,5486,890
63010,13931,10440,3491
63011,14504,12115,2389
63012,3907,3441,466
63013,667,615,52
63014,401,365,36
63015,1047,849,198
63016,3047,2664,383
63017,16624,12988,3636
63019,1788,1144,644
63020,7875,5939,1936
63021,21885,17938,3947
63023,2157,1735,422
63025,4989,4195,794
63026,16579,13660,2919
63028,9849,7896,1953
63030,104,86,18
63031,17544,12702,4842
63033,16948,10912,6036
63034,6647,6222,425
63036,389,299,90
63037,1196,968,228
63038,2484,2232,252
63039,249,205,44
63040,3040,2650,390
63041,176,169,7
63042,8823,4642,4181
63043,9259,6237,3022
63044,3987,2732,1255
63045,0,0,0
63047,21,21,0
63048,1401,1167,234
63049,6534,5709,825
63050,5895,5066,829
63051,5186,4115,1071
63052,9870,8050,1820
63053,20,10,10
63055,1043,718,325
63056,762,657,105
63057,0,0,0
63060,809,689,120
63061,54,54,0
63068,1879,1536,343
63069,5624,4111,1513
63070,3160,2069,1091
63071,385,274,111
63072,1185,980,205
63073,317,317,0
63074,6517,3187,3330
63077,4492,3174,1318
63079,24,24,0
63080,5721,3603,2118
63084,7301,5263,2038
63087,312,255,57
63088,3851,2404,1447
63089,2029,1716,313
63090,8900,6445,2455
63091,572,500,72
63101,2163,349,1814
63102,983,0,983
63103,4662,597,4065
63104,9485,3566,5919
63105,6563,3934,2629
63106,4700,734,3966
63107,4037,1801,2236
63108,10778,3124,7654
63109,13602,7954,5648
63110,8129,3544,4585
63111,8782,3285,5497
63112,8390,3237,5153
63113,4580,1925,2655
63114,14615,8209,6406
63115,7519,3568,3951
63116,19248,10438,8810
63117,4369,2404,1965
63118,11202,3992,7210
63119,13867,10455,3412
63120,3006,1440,1566
63121,10556,5549,5007
63122,15897,12744,3153
63123,22604,16341,6263
63124,4760,3429,1331
63125,14020,9832,4188
63126,6187,5230,957
63127,2075,1548,527
63128,12818,9968,2850
63129,21990,17264,4726
63130,12028,6831,5197
63131,6453,5955,498
63132,5348,2973,2375
63133,3132,1097,2035
63134,5290,2596,2694
63135,8282,4972,3310
63136,18208,8225,9983
63137,7129,3704,3425
63138,7122,3441,3681
63139,11088,6549,4539
63140,122,28,94
63141,8652,6500,2152
63143,4977,2266,2711
63144,4336,2881,1455
63146,14102,8275,5827
63147,3804,2123,1681
63155,0,0,0
63301,19599,13167,6432
63303,19742,14444,5298
63304,15061,13519,1542
63330,69,51,18
63332,516,452,64
63333,332,223,109
63334,2687,1934,753
63336,553,352,201
63339,350,279,71
63341,1350,1200,150
63343,1604,1144,460
63344,529,409,120
63345,222,172,50
63347,947,772,175
63348,2454,2331,123
63349,684,590,94
63350,225,188,37
63351,802,650,152
63352,514,366,148
63353,1913,1269,644
63357,1840,1509,331
63359,553,414,139
63361,1881,1179,702
63362,2356,1660,696
63363,737,549,188
63366,18429,14894,3535
63367,8629,7302,1327
63368,15968,13349,2619
63369,710,535,175
63370,9,9,0
63373,216,180,36
63376,28466,23597,4869
63377,798,675,123
63379,8427,6654,1773
63381,197,159,38
63382,1402,903,499
63383,6015,4538,1477
63384,681,491,190
63385,14515,12189,2326
63386,191,136,55
63387,31,20,11
63388,330,294,36
63389,2361,1868,493
63390,3939,3062,877
63401,8820,5529,3291
63430,221,184,37
63431,130,115,15
63432,192,172,20
63433,11,11,0
63434,246,149,97
63435,1607,1120,487
63436,612,439,173
63437,600,464,136
63438,176,143,33
63439,40,36,4
63440,417,291,126
63441,452,325,127
63443,157,115,42
63445,1540,1024,516
63446,232,193,39
63447,454,303,151
63448,585,475,110
63450,37,37,0
63451,89,78,11
63452,481,370,111
63453,217,184,33
63454,326,238,88
63456,1848,1234,614
63457,112,110,2
63458,56,38,18
63459,1513,1345,168
63460,156,124,32
63461,2240,1639,601
63462,637,549,88
63463,273,196,77
63464,13,13,0
63465,162,142,20
63467,7,7,0
63468,999,698,301
63469,467,368,99
63471,247,191,56
63472,286,190,96
63473,99,99,0
63474,209,148,61
63501,8005,4385,3620
63530,374,303,71
63531,128,113,15
63532,559,473,86
63533,274,224,50
63534,288,246,42
63535,28,22,6
63536,383,281,102
63537,746,599,147
63538,108,100,8
63539,72,58,14
63540,44,43,1
63541,148,115,33
63543,100,85,15
63544,244,224,20
63545,354,250,104
63546,639,543,96
63547,172,143,29
63548,435,327,108
63549,950,695,255
63551,75,69,6
63552,2987,1969,1018
63555,1272,870,402
63556,1319,899,420
63557,91,85,6
63558,272,225,47
63559,589,480,109
63560,83,73,10
63561,416,293,123
63563,235,120,115
63565,1400,993,407
63566,39,39,0
63567,74,44,30
63601,6217,4014,2203
63620,531,358,173
63621,458,272,186
63622,363,351,12
63623,321,261,60
63624,1558,1192,366
63625,181,167,14
63626,546,506,40
63627,1347,980,367
63628,5360,3654,1706
63629,545,453,92
63630,1397,1158,239
63631,447,340,107
63633,211,161,50
63636,266,172,94
63637,617,476,141
63638,1087,786,301
63640,10798,7453,3345
63645,4680,3466,1214
63648,437,386,51
63650,1726,1287,439
63653,510,295,215
63654,299,257,42
63655,652,499,153
63656,157,134,23
63660,1084,939,145
63662,590,538,52
63663,278,104,174
63664,3520,2638,882
63665,143,107,36
63666,34,34,0
63670,4579,3536,1043
63673,680,581,99
63674,39,39,0
63675,91,91,0
63701,14111,8696,5415
63703,3560,1524,2036
63730,1255,951,304
63732,384,352,32
63735,290,198,92
63736,1447,1137,310
63738,31,22,9
63739,157,113,44
63740,1934,1343,591
63742,24,21,3
63743,28,28,0
63744,38,24,14
63745,10,6,4
63746,17,11,6
63747,158,137,21
63748,399,340,59
63750,5,5,0
63751,520,405,115
63755,9357,7102,2255
63758,71,58,13
63760,241,203,38
63763,65,65,0
63764,2028,1493,535
63766,418,353,65
63767,292,202,90
63769,502,446,56
63770,42,35,7
63771,1165,876,289
63774,37,19,18
63775,6724,4926,1798
63780,2349,1717,632
63781,522,456,66
63782,153,138,15
63783,44,44,0
63784,79,67,12
63785,348,268,80
63787,298,236,62
63801,9487,5978,3509
63820,57,44,13
63821,343,276,67
63822,1024,713,311
63823,524,374,150
63824,52,9,43
63825,1684,1200,484
63826,26,19,7
63827,332,249,83
63828,66,56,10
63829,493,277,216
63830,2894,1460,1434
63833,96,73,23
63834,2179,1192,987
63837,615,360,255
63839,176,55,121
63841,5404,3500,1904
63845,2265,1419,846
63846,639,501,138
63847,52,29,23
63848,577,383,194
63849,52,30,22
63851,1552,738,814
63852,436,310,126
63853,92,63,29
63855,435,343,92
63857,5181,3129,2052
63860,84,71,13
63862,672,375,297
63863,2565,1487,1078
63866,133,81,52
63867,413,303,110
63868,340,169,171
63869,1503,787,716
63870,357,189,168
63873,1863,1143,720
63874,162,101,61
63876,835,545,290
63877,1339,786,553
63878,38,31,7
63879,255,173,82
63880,58,40,18
63882,166,106,60
63901,13487,8249,5238
63902,0,0,0
63932,502,377,125
63933,1432,1029,403
63934,112,76,36
63935,3683,2902,781
63936,341,198,143
63937,1037,788,249
63939,574,453,121
63940,564,420,144
63941,109,84,25
63942,258,209,49
63943,214,170,44
63944,653,541,112
63945,379,325,54
63951,116,60,56
63952,149,124,25
63953,643,508,135
63954,240,158,82
63955,88,71,17
63956,446,327,119
63957,2545,1851,694
63960,1093,848,245
63961,602,480,122
63962,47,0,47
63964,214,138,76
63965,1192,935,257
63966,1000,794,206
63967,760,559,201
64001,270,196,74
64011,1277,1102,175
64012,10558,7364,3194
64014,9013,6393,2620
64015,11547,8529,3018
64016,1871,1446,425
64017,197,145,52
64018,347,290,57
64019,900,792,108
64020,1486,1065,421
64021,206,184,22
64022,63,59,4
64024,6377,4510,1867
64029,6395,4649,1746
64030,9799,4847,4952
64034,3138,2879,259
64035,407,309,98
64036,106,74,32
64037,2376,1501,875
64040,2529,2018,511
64048,1569,1438,131
64050,9112,4501,4611
64052,8961,5250,3711
64053,2125,1104,1021
64054,1554,891,663
64055,14564,10131,4433
64056,5883,3912,1971
64057,5958,3583,2375
64058,2467,1810,657
64060,4931,3907,1024
64061,1312,1112,200
64062,2183,1823,360
64063,8096,5415,2681
64064,6612,5550,1062
64065,8,0,8
64066,13,7,6
64067,2325,1545,780
64068,13981,10486,3495
64070,1283,1111,172
64071,247,217,30
64072,214,177,37
64074,304,239,65
64075,4369,3178,1191
64076,3561,2717,844
64077,615,507,108
64078,3736,3170,566
64079,4999,3602,1397
64080,4769,3654,1115
64081,9405,7314,2091
64082,5467,4912,555
64083,8837,7285,1552
64084,648,590,58
64085,3362,2195,1167
64086,8658,6661,1997
64088,523,450,73
64089,4707,3916,791
64090,43,38,5
64092,13,0,13
64093,10446,5356,5090
64096,436,321,115
64097,546,399,147
64098,1282,959,323
64101,10,10,0
64102,0,0,0
64105,3322,369,2953
64106,3881,642,3239
64108,4174,1521,2653
64109,4628,1900,2728
64110,6919,3024,3895
64111,10127,2626,7501
64112,4706,2088,2618
64113,4875,4650,225
64114,12220,7464,4756
64116,7369,3180,4189
64117,5784,2936,2848
64118,16860,9852,7008
64119,10968,8163,2805
64120,147,111,36
64123,3368,1781,1587
64124,4101,1876,2225
64125,591,262,329
64126,2294,913,1381
64127,6232,2474,3758
64128,4788,1876,2912
64129,3887,1758,2129
64130,8496,4319,4177
64131,10317,5012,5305
64132,5602,2399,3203
64133,14708,9254,5454
64134,8999,4357,4642
64136,1016,429,587
64137,4175,2251,1924
64138,10313,6057,4256
64139,650,521,129
64145,2018,1677,341
64146,668,601,67
64147,172,0,172
64149,159,159,0
64150,1396,482,914
64151,11203,6615,4588
64152,10679,8432,2247
64153,2317,1139,1178
64154,4438,2388,2050
64155,8360,6353,2007
64156,2844,2271,573
64157,6240,5758,482
64158,1887,1062,825
64161,134,96,38
64163,341,175,166
64164,102,58,44
64165,58,58,0
64166,117,101,16
64167,138,138,0
64192,0,0,0
64401,555,476,79
64402,1072,769,303
64420,29,24,5
64421,354,299,55
64422,139,80,59
64423,316,291,25
64424,1860,1234,626
64426,163,120,43
64427,265,202,63
64428,313,249,64
64429,3741,2386,1355
64430,339,271,68
64431,151,109,42
64432,28,27,1
64433,33,31,2
64434,196,171,25
64436,311,288,23
64437,292,243,49
64438,62,54,8
64439,617,532,85
64440,258,230,28
64441,81,71,10
64442,347,264,83
64443,542,428,114
64444,489,424,65
64445,124,89,35
64446,489,349,140
64448,381,333,48
64449,219,193,26
64451,185,130,55
64453,76,73,3
64454,983,796,187
64455,151,117,34
64456,591,463,128
64457,92,79,13
64458,61,47,14
64459,163,162,1
64461,267,207,60
64463,653,473,180
64465,1909,1462,447
64466,219,154,65
64467,100,74,26
64468,5586,2644,2942
64469,891,643,248
64470,701,467,234
64471,169,139,30
64473,644,475,169
64474,366,280,86
64475,156,100,56
64476,133,93,40
64477,1508,1164,344
64479,361,286,75
64480,102,65,37
64481,384,308,76
64482,1005,706,299
64483,269,235,34
64484,394,300,94
64485,3134,2266,868
64486,198,148,50
64487,304,222,82
64489,753,572,181
64490,782,588,194
64491,856,592,264
64492,705,609,96
64493,220,181,39
64494,365,290,75
64496,19,16,3
64497,143,132,11
64498,123,86,37
64499,33,28,5
64501,4603,1908,2695
64503,4923,3259,1664
64504,4175,2939,1236
64505,5047,3496,1551
64506,8812,5548,3264
64507,5145,3388,1757
64601,4579,2928,1651
64620,178,156,22
64622,184,132,52
64623,170,143,27
64624,655,496,159
64625,210,159,51
64628,2433,1629,804
64630,224,206,18
64631,340,276,64
64632,177,145,32
64633,1943,1297,646
64635,232,195,37
64636,107,86,21
64637,240,197,43
64638,307,268,39
64639,101,84,17
64640,1192,895,297
64641,274,220,54
64642,367,283,84
64643,453,347,106
64644,1211,871,340
64645,56,49,7
64646,77,57,20
64647,149,120,29
64648,681,530,151
64649,301,266,35
64650,269,165,104
64651,290,215,75
64652,177,151,26
64653,288,238,50
64654,18,18,0
64655,80,70,10
64656,118,94,24
64657,114,87,27
64658,1296,1007,289
64659,383,288,95
64660,186,169,17
64661,354,265,89
64664,185,161,24
64667,103,87,16
64668,652,494,158
64670,371,275,96
64671,786,592,194
64672,70,67,3
64673,866,681,185
64674,169,138,31
64676,58,55,3
64679,244,191,53
64681,67,55,12
64682,148,131,17
64683,3236,2057,1179
64686,79,70,9
64688,228,193,35
64689,220,175,45
64701,5429,3469,1960
64720,1471,1125,346
64722,181,153,28
64723,336,272,64
64724,835,601,234
64725,968,719,249
64726,137,117,20
64728,207,165,42
64730,2784,1786,998
64733,474,348,126
64734,744,656,88
64735,5669,4025,1644
64738,434,351,83
64739,357,300,57
64740,843,688,155
64741,96,84,12
64742,899,708,191
64743,87,49,38
64744,3291,2293,998
64745,102,72,30
64746,579,470,109
64747,1458,1109,349
64748,618,416,202
64750,175,154,21
64752,287,240,47
64755,988,708,280
64756,277,231,46
64759,3279,2290,989
64761,516,407,109
64762,637,452,185
64763,657,496,161
64765,17,16,1
64767,224,188,36
64769,227,153,74
64770,408,313,95
64771,241,208,33
64772,5507,3491,2016
64776,1703,1307,396
64778,244,189,55
64779,968,784,184
64780,251,188,63
64781,29,27,2
64783,355,307,48
64784,428,362,66
64788,688,498,190
64790,335,264,71
64801,14847,8209,6638
64804,13984,9862,4122
64830,307,232,75
64831,2170,1681,489
64832,295,242,53
64833,27,18,9
64834,3447,2724,723
64835,725,546,179
64836,8691,5776,2915
64840,1220,1069,151
64841,211,192,19
64842,333,206,127
64843,1256,992,264
64844,1834,1212,622
64847,175,56,119
64848,292,244,48
64849,59,50,9
64850,8815,5642,3173
64854,1451,706,745
64855,909,751,158
64856,1514,1036,478
64857,142,123,19
64858,61,61,0
64859,507,366,141
64861,496,358,138
64862,1239,1003,236
64863,489,316,173
64865,2283,1651,632
64866,435,336,99
64867,467,368,99
64870,5732,3737,1995
64873,381,354,27
64874,309,175,134
65001,117,117,0
65010,2359,1826,533
65011,760,615,145
65013,1275,879,396
65014,914,669,245
65016,541,490,51
65017,440,407,33
65018,2843,2200,643
65020,5386,4170,1216
65023,679,623,56
65024,457,401,56
65025,269,177,92
65026,4744,3327,1417
65032,645,594,51
65034,303,239,64
65035,689,567,122
65037,2118,1796,322
65039,1001,934,67
65040,544,495,49
65041,2394,1938,456
65043,4086,3225,861
65046,516,467,49
65047,428,224,204
65048,62,62,0
65049,2672,2089,583
65050,196,171,25
65051,1808,1343,465
65052,1239,1056,183
65053,607,571,36
65054,263,250,13
65058,373,319,54
65059,278,193,85
65061,297,262,35
65062,7,7,0
65063,1209,1005,204
65064,170,158,12
65065,2530,1710,820
65066,2474,2004,470
65067,119,82,37
65068,250,213,37
65069,269,231,38
65072,579,529,50
65074,1065,789,276
65075,324,278,46
65076,272,241,31
65077,160,112,48
65078,1499,1175,324
65079,1642,1409,233
65080,470,370,100
65081,1152,768,384
65082,363,305,58
65083,95,95,0
65084,2419,1731,688
65085,502,410,92
65101,10653,7085,3568
65109,16183,10511,5672
65201,16434,5033,11401
65202,19564,11601,7963
65203,24341,14307,10034
65215,0,0,0
65230,263,201,62
65231,1269,997,272
65232,122,95,27
65233,4296,2837,1459
65236,594,430,164
65237,360,258,102
65239,491,432,59
65240,3323,2564,759
65243,708,634,74
65244,145,140,5
65246,12,11,1
65247,278,278,0
65248,1389,1031,358
65250,245,218,27
65251,7282,4751,2531
65254,756,643,113
65255,1519,1129,390
65256,601,588,13
65257,576,493,83
65258,184,152,32
65259,1030,908,122
65260,174,164,10
65261,363,285,78
65262,333,300,33
65263,754,588,166
65264,266,217,49
65265,5941,3665,2276
65270,5702,3825,1877
65274,684,476,208
65275,1116,884,232
65276,595,449,146
65278,56,46,10
65279,729,642,87
65280,124,106,18
65281,993,792,201
65282,58,58,0
65283,226,221,5
65284,858,698,160
65285,222,180,42
65286,44,41,3
65287,157,151,6
65301,13005,8318,4687
65305,890,34,856
65320,27,24,3
65321,201,142,59
65322,216,186,30
65323,364,308,56
65324,660,565,95
65325,1309,1137,172
65326,855,735,120
65327,87,74,13
65329,156,127,29
65330,178,141,37
65332,520,425,95
65333,250,212,38
65334,333,272,61
65335,64,57,7
65336,2306,1362,944
65337,712,464,248
65338,1152,933,219
65339,202,161,41
65340,5655,3802,1853
65344,85,70,15
65345,115,57,58
65347,244,178,66
65348,517,405,112
65349,1081,710,371
65350,757,650,107
65351,961,722,239
65354,232,139,93
65355,4548,3743,805
65360,1779,1384,395
65401,12762,7156,5606
65436,26,26,0
65438,983,711,272
65439,87,59,28
65440,138,132,6
65441,2235,1586,649
65443,31,31,0
65444,387,337,50
65446,97,93,4
65449,135,107,28
65452,1076,868,208
65453,3462,2263,1199
65456,287,226,61
65457,43,43,0
65459,2496,1894,602
65461,38,27,11
65462,646,581,65
65463,412,389,23
65464,425,380,45
65466,708,491,217
65468,71,71,0
65470,366,330,36
65473,2101,19,2082
65479,88,47,41
65483,1852,1126,726
65484,25,25,0
65486,1324,1102,222
65501,70,70,0
65529,82,73,9
65534,365,313,52
65535,547,387,160
65536,11385,7513,3872
65541,90,90,0
65542,1957,1449,508
65543,113,98,15
65548,2276,1527,749
65550,1224,948,276
65552,813,637,176
65555,476,387,89
65556,2152,1597,555
65557,36,36,0
65559,3481,2430,1051
65560,5849,3932,1917
65564,37,37,0
65565,1956,1464,492
65566,326,259,67
65567,500,414,86
65570,217,201,16
65571,813,594,219
65580,301,238,63
65582,909,680,229
65583,4080,2185,1895
65584,4339,1640,2699
65586,40,40,0
65588,1068,743,325
65589,33,22,11
65590,516,443,73
65591,526,395,131
65601,249,206,43
65603,80,59,21
65604,1404,1033,371
65605,5115,3768,1347
65606,1336,1040,296
65608,3499,2687,812
65609,352,265,87
65610,1939,1547,392
65611,877,683,194
65612,483,423,60
65613,6654,4182,2472
65614,234,179,55
65616,11504,5768,5736
65617,456,339,117
65618,109,72,37
65619,2854,2318,536
65620,88,88,0
65622,3370,2262,1108
65623,5,5,0
65624,668,624,44
65625,2899,2004,895
65626,709,495,214
65627,214,189,25
65629,289,233,56
65630,124,123,1
65631,1893,1530,363
65632,1017,744,273
65633,1452,1108,344
65634,297,243,54
65635,245,205,40
65637,485,431,54
65638,205,182,23
65640,342,291,51
65641,536,426,110
65644,864,686,178
65646,688,575,113
65647,784,578,206
65648,2234,1941,293
65649,686,525,161
65650,544,487,57
65652,1285,966,319
65653,2434,1791,643
65654,92,61,31
65655,1403,980,423
65656,1782,1374,408
65657,54,32,22
65658,711,604,107
65660,71,71,0
65661,1153,924,229
65662,509,400,109
65663,882,698,184
65664,56,32,24
65667,1141,812,329
65668,788,612,176
65669,822,710,112
65672,3603,2067,1536
65674,1078,801,277
65676,190,130,60
65679,951,654,297
65680,571,538,33
65681,743,688,55
65682,759,557,202
65685,256,235,21
65686,2083,1754,329
65689,2076,1423,653
65690,81,78,3
65692,574,461,113
65702,129,107,22
65704,1449,966,483
65705,1486,949,537
65706,5858,4014,1844
65707,854,712,142
65708,4476,3026,1450
65710,469,363,106
65711,3965,2806,1159
65712,3414,2326,1088
65713,908,749,159
65714,12421,8970,3451
65715,24,9,15
65717,1012,729,283
65720,322,303,19
65721,11234,7972,3262
65722,598,501,97
65723,1328,991,337
65724,681,603,78
65725,1161,963,198
65727,55,55,0
65728,0,0,0
65729,141,90,51
65730,21,21,0
65731,204,159,45
65732,319,255,64
65733,390,375,15
65734,1127,813,314
65735,21,17,4
65737,3411,2750,661
65738,7315,4859,2456
65739,468,451,17
65740,1374,885,489
65742,4909,3907,1002
65744,37,34,3
65745,1159,824,335
65746,2590,2062,528
65747,1696,1495,201
65752,188,107,81
65753,1807,1439,368
65754,307,253,54
65755,205,173,32
65756,224,209,15
65757,2767,2288,479
65759,544,444,100
65760,238,234,4
65761,580,503,77
65762,160,114,46
65764,478,443,35
65766,44,37,7
65767,793,629,164
65768,184,110,74
65769,953,724,229
65770,1230,999,231
65771,491,445,46
65772,704,593,111
65773,255,238,17
65774,419,300,119
65775,10099,6628,3471
65777,199,179,20
65778,189,130,59
65779,862,658,204
65781,3200,2447,753
65783,25,16,9
65784,10,3,7
65785,2183,1615,568
65786,708,588,120
65787,583,465,118
65788,162,132,30
65789,570,469,101
65790,343,330,13
65791,1805,1256,549
65793,2398,1819,579
65802,18918,9879,9039
65803,17454,9586,7868
65804,18010,10291,7719
65806,6042,842,5200
65807,24993,11585,13408
65809,4710,4105,605
65810,9281,6679,2602
66002,4715,3111,1604
66006,2787,2101,686
66007,2510,2004,506
66008,126,112,14
66010,325,279,46
66012,4278,3257,1021
66013,792,737,55
66014,85,52,33
66015,312,212,100
66016,122,111,11
66017,157,116,41
66018,2336,1604,732
66019,172,0,172
66020,487,405,82
66021,959,845,114
66023,485,340,145
66024,334,211,123
66025,2674,1807,867
66026,181,151,30
66027,1488,0,1488
66030,8030,5462,2568
66031,0,0,0
66032,2026,1468,558
66033,253,205,48
66035,283,193,90
66039,236,210,26
66040,1455,949,506
66041,303,265,38
66042,294,271,23
66043,3064,2167,897
66044,10617,4117,6500
66045,0,0,0
66046,8151,3887,4264
66047,8351,3866,4485
66048,13222,8281,4941
66049,12863,7463,5400
66050,818,742,76
66052,1004,830,174
66053,2779,2238,541
66054,1055,793,262
66056,806,668,138
66058,124,94,30
66060,485,333,152
66061,21637,15241,6396
66062,27970,20832,7138
66064,2266,1481,785
66066,1059,832,227
66067,6109,3960,2149
66070,1046,966,80
66071,5105,4033,1072
66072,471,456,15
66073,1058,837,221
66075,1100,852,248
66076,965,797,168
66078,456,363,93
66079,337,290,47
66080,339,278,61
66083,3224,2773,451
66085,2781,2587,194
66086,3496,2901,595
66087,796,625,171
66088,927,768,159
66090,1149,818,331
66091,132,103,29
66092,1348,1076,272
66093,224,189,35
66094,143,93,50
66095,378,283,95
66097,574,428,146
66101,4667,1725,2942
66102,10406,5031,5375
66103,6102,2061,4041
66104,9404,5669,3735
66105,780,415,365
66106,8331,5404,2927
66109,8422,6798,1624
66111,3694,2675,1019
66112,5265,2518,2747
66115,0,0,0
66118,0,0,0
66202,7845,3794,4051
66203,8228,5033,3195
66204,8879,4293,4586
66205,5989,4908,1081
66206,4215,3801,414
66207,6111,4673,1438
66208,9110,7463,1647
66209,8319,6011,2308
66210,8455,4795,3660
66211,2158,1394,764
66212,14433,8710,5723
66213,11632,7317,4315
66214,5148,2680,2468
66215,11028,7030,3998
66216,9035,7462,1573
66217,2476,1363,1113
66218,2666,2347,319
66219,5323,2244,3079
66220,2595,2430,165
66221,5760,4495,1265
66223,9596,5721,3875
66224,4650,4126,524
66226,4453,3961,492
66227,2323,2108,215
66401,722,612,110
66402,1155,970,185
66403,306,266,40
66404,178,97,81
66406,187,148,39
66407,211,106,105
66408,141,94,47
66409,1367,1239,128
66411,459,380,79
66412,73,69,4
66413,789,612,177
66414,1191,861,330
66415,339,289,50
66416,253,186,67
66417,131,108,23
66418,176,167,9
66419,172,154,18
66422,135,128,7
66423,367,292,75
66424,209,178,31
66425,190,161,29
66427,469,393,76
66428,159,153,6
66429,176,157,19
66431,219,206,13
66432,128,94,34
66434,1902,1393,509
66436,2536,1689,847
66438,62,62,0
66439,1096,703,393
66440,720,640,80
66441,10241,4372,5869
66442,3812,30,3782
66449,428,371,57
66451,597,479,118
66501,129,126,3
66502,17719,7114,10605
66503,6322,3823,2499
66506,17,0,17
66507,458,407,51
66508,1924,1342,582
66509,1003,770,233
66510,295,224,71
66512,1160,1007,153
66514,459,380,79
66515,161,150,11
66516,135,117,18
66517,730,301,429
66518,59,57,2
66520,228,197,31
66521,651,471,180
66522,32,4,28
66523,1652,1031,621
66524,959,773,186
66526,286,217,69
66527,92,57,35
66528,328,250,78
66531,691,579,112
66532,283,244,39
66533,591,447,144
66534,1433,981,452
66535,1049,915,134
66536,1109,903,206
66537,407,356,51
66538,1411,1133,278
66539,1042,793,249
66540,193,170,23
66541,84,75,9
66542,1152,1098,54
66543,495,425,70
66544,163,116,47
66546,474,433,41
66547,3558,2524,1034
66548,375,299,76
66549,680,512,168
66550,241,171,70
66552,192,158,34
66554,235,201,34
66603,747,158,589
66604,9858,5526,4332
66605,7118,4812,2306
66606,5293,2734,2559
66607,2950,1360,1590
66608,2151,1222,929
66609,3071,2119,952
66610,3846,3568,278
66611,4648,2545,2103
66612,1242,242,1000
66614,14066,8979,5087
66615,1389,895,494
66616,2380,1467,913
66617,3363,2845,518
66618,3557,3201,356
66619,883,312,571
66621,7,7,0
66622,0,0,0
66701,4838,3291,1547
66710,231,201,30
66711,248,187,61
66712,708,462,246
66713,2146,1523,623
66714,96,95,1
66716,124,92,32
66717,219,202,17
66720,4700,3167,1533
66724,389,334,55
66725,2190,1583,607
66728,21,14,7
66732,116,108,8
66733,863,638,225
66734,96,82,14
66735,159,148,11
66736,1649,1106,543
66738,89,87,2
66739,2092,1571,521
66740,170,159,11
66741,61,61,0
66743,1568,1077,491
66746,91,83,8
66748,1118,857,261
66749,3189,2089,1100
66751,340,297,43
66753,427,347,80
66754,157,116,41
66755,390,296,94
66756,384,287,97
66757,1391,988,403
66758,118,93,25
66760,0,0,0
66761,110,97,13
66762,9712,4836,4876
66763,1374,993,381
66767,226,184,42
66769,151,112,39
66770,438,331,107
66771,353,301,52
66772,76,71,5
66773,325,280,45
66775,79,66,13
66776,542,386,156
66777,264,214,50
66778,0,0,0
66779,272,213,59
66780,196,179,17
66781,457,373,84
66782,58,44,14
66783,1003,756,247
66801,11559,6385,5174
66830,65,59,6
66833,216,190,26
66834,361,308,53
66835,489,384,105
66838,40,40,0
66839,1566,1143,423
66840,260,201,59
66842,182,136,46
66843,71,69,2
66845,442,341,101
66846,1320,971,349
66849,176,162,14
66850,95,68,27
66851,264,161,103
66852,264,199,65
66853,207,177,30
66854,299,213,86
66856,721,604,117
66857,451,336,115
66858,175,154,21
66859,96,82,14
66860,595,403,192
66861,1249,1022,227
66862,45,37,8
66863,14,10,4
66864,181,166,15
66865,522,404,118
66866,675,493,182
66868,315,259,56
66869,296,231,65
66870,53,48,5
66871,551,460,91
66872,408,316,92
66873,98,88,10
66901,2596,1716,880
66930,68,44,24
66932,40,33,7
66933,193,154,39
66935,1110,773,337
66936,146,122,24
66937,317,258,59
66938,464,373,91
66939,255,201,54
66940,159,123,36
66941,101,91,10
66942,108,101,7
66943,214,156,58
66944,77,59,18
66945,374,315,59
66946,52,51,1
66948,195,175,20
66949,322,216,106
66951,315,253,62
66952,188,165,23
66953,282,214,68
66955,33,29,4
66956,546,455,91
66958,126,97,29
66959,94,90,4
66960,81,60,21
66962,148,127,21
66963,54,41,13
66964,84,69,15
66966,350,273,77
66967,935,711,224
66968,673,502,171
66970,54,54,0
67001,433,357,76
67002,5108,3967,1141
67003,1017,719,298
67004,300,195,105
67005,6132,3867,2265
67008,295,233,62
67009,371,240,131
67010,5293,3615,1678
67012,12,12,0
67013,1197,915,282
67016,196,172,24
67017,880,772,108
67018,52,37,15
67019,466,394,72
67020,603,470,133
67021,18,13,5
67022,663,497,166
67023,120,110,10
67024,347,235,112
67025,1321,1097,224
67026,1724,1480,244
67028,150,108,42
67029,444,347,97
67030,846,778,68
67031,904,725,179
67035,370,278,92
67036,24,21,3
67037,10708,7993,2715
67038,261,207,54
67039,1231,958,273
67041,106,102,4
67042,6702,4517,2185
67045,1439,1011,428
67047,319,224,95
67049,49,49,0
67050,638,557,81
67051,201,166,35
67052,2623,2240,383
67053,246,197,49
67054,529,347,182
67055,52,38,14
67056,1078,830,248
67057,92,70,22
67058,749,565,184
67059,309,252,57
67060,5244,3905,1339
67061,79,62,17
67062,1698,1210,488
67063,1341,1047,294
67065,74,67,7
67066,143,130,13
67067,633,589,44
67068,1772,1345,427
67070,430,338,92
67071,93,81,12
67072,81,71,10
67073,136,121,15
67074,619,485,134
67101,1632,1007,625
67103,82,75,7
67104,1001,634,367
67105,59,46,13
67106,112,83,29
67107,1383,1016,367
67108,586,467,119
67109,165,119,46
67110,3333,2766,567
67111,106,89,17
67112,96,85,11
67114,8620,6175,2445
67117,677,448,229
67118,275,226,49
67119,580,395,185
67120,465,426,39
67122,62,54,8
67123,251,187,64
67124,3113,2049,1064
67127,236,206,30
67131,146,108,38
67132,162,146,16
67133,2284,1867,417
67134,158,115,43
67135,1092,824,268
67137,193,179,14
67138,132,120,12
67140,364,310,54
67142,177,155,22
67143,12,9,3
67144,960,783,177
67146,739,584,155
67147,3705,3173,532
67149,317,313,4
67150,18,6,12
67151,217,163,54
67152,3644,2465,1179
67154,510,386,124
67155,86,69,17
67156,5390,3519,1871
67159,57,46,11
67202,1036,115,921
67203,12610,6503,6107
67204,7802,5830,1972
67205,6312,5436,876
67206,7113,4712,2401
67207,11283,5593,5690
67208,7324,4029,3295
67209,4980,3660,1320
67210,3192,1268,1924
67211,8006,3475,4531
67212,18649,12221,6428
67213,8723,3730,4993
67214,6016,2034,3982
67215,2105,1932,173
67216,8832,5284,3548
67217,11581,7688,3893
67218,9551,4437,5114
67219,4553,3096,1457
67220,5506,3255,2251
67223,202,192,10
67226,7972,4870,3102
67227,91,91,0
67228,743,738,5
67230,3847,3639,208
67232,184,184,0
67235,4292,4151,141
67260,0,0,0
67301,5220,3455,1765
67330,548,410,138
67332,39,30,9
67333,1088,852,236
67334,20,20,0
67335,1322,1017,305
67336,693,454,239
67337,5137,3306,1831
67340,176,154,22
67341,108,108,0
67342,383,314,69
67344,357,314,43
67345,54,42,12
67346,153,141,12
67347,178,169,9
67349,456,344,112
67351,145,124,21
67352,206,162,44
67353,264,223,41
67354,315,232,83
67355,79,75,4
67356,1085,774,311
67357,4841,3325,1516
67360,175,145,30
67361,740,579,161
67363,52,52,0
67364,122,104,18
67401,20787,13825,6962
67410,4197,2938,1259
67416,393,326,67
67417,99,86,13
67418,56,41,15
67420,1930,1365,565
67422,538,463,75
67423,102,77,25
67425,260,209,51
67427,169,131,38
67428,653,520,133
67430,292,238,54
67431,806,534,272
67432,2359,1838,521
67436,294,230,64
67437,491,371,120
67438,88,73,15
67439,1225,881,344
67441,461,350,111
67442,70,63,7
67443,660,538,122
67444,236,210,26
67445,268,213,55
67446,232,202,30
67447,132,74,58
67448,497,390,107
67449,1279,841,438
67450,289,235,54
67451,448,302,146
67452,74,67,7
67454,286,230,56
67455,811,639,172
67456,1707,1152,555
67457,333,231,102
67458,86,59,27
67459,99,69,30
67460,6559,4397,2162
67464,503,407,96
67466,362,276,86
67467,1070,831,239
67468,114,96,18
67470,186,136,50
67473,798,580,218
67474,108,89,19
67475,70,68,2
67478,28,25,3
67480,638,531,107
67481,259,230,29
67482,48,37,11
67483,153,123,30
67484,359,302,57
67485,146,116,30
67487,561,428,133
67490,395,302,93
67491,158,136,22
67492,101,73,28
67501,9817,5799,4018
67502,9997,7450,2547
67505,1179,702,477
67510,123,119,4
67511,126,118,8
67512,74,57,17
67513,37,34,3
67514,366,258,108
67515,18,10,8
67516,173,151,22
67518,24,20,4
67519,80,47,33
67520,124,103,21
67521,61,34,27
67522,776,585,191
67523,198,152,46
67524,267,211,56
67525,453,369,84
67526,1219,949,270
67529,124,104,20
67530,7728,5197,2531
67543,778,577,201
67544,1112,758,354
67545,72,66,6
67546,971,719,252
67547,836,650,186
67548,608,436,172
67550,2116,1398,718
67552,267,228,39
67553,75,64,11
67554,1636,1227,409
67556,153,123,30
67557,209,180,29
67559,17,15,2
67560,723,610,113
67561,502,387,115
67563,141,120,21
67564,103,94,9
67565,220,196,24
67566,187,167,20
67567,228,170,58
67568,88,81,7
67570,506,414,92
67572,231,212,19
67573,86,72,14
67574,95,72,23
67575,216,166,50
67576,844,693,151
67578,572,443,129
67579,1195,868,327
67581,119,109,10
67583,356,277,79
67584,139,120,19
67601,9679,5601,4078
67621,169,137,32
67622,253,184,69
67623,93,66,27
67625,165,126,39
67626,80,74,6
67628,51,43,8
67629,92,76,16
67631,69,61,8
67632,91,68,23
67634,108,63,45
67635,66,40,26
67637,1121,906,215
67638,128,94,34
67639,82,74,8
67640,247,187,60
67642,847,663,184
67643,151,104,47
67644,124,100,24
67645,360,330,30
67646,345,286,59
67647,97,65,32
67648,267,206,61
67649,88,86,2
67650,95,81,14
67651,215,168,47
67653,166,137,29
67654,1322,926,396
67656,24,24,0
67657,125,87,38
67658,74,48,26
67659,45,40,5
67660,33,23,10
67661,1407,1055,352
67663,1057,809,248
67664,119,93,26
67665,2120,1753,367
67667,68,63,5
67669,769,613,156
67671,633,483,150
67672,1194,908,286
67673,52,39,13
67674,35,35,0
67675,76,74,2
67701,2767,1979,788
67730,766,551,215
67731,313,223,90
67732,205,151,54
67733,109,85,24
67734,127,73,54
67735,2334,1483,851
67736,89,60,29
67737,206,181,25
67738,264,206,58
67739,83,68,15
67740,720,521,199
67741,182,126,56
67743,45,36,9
67744,107,95,12
67745,154,134,20
67747,85,81,4
67748,963,677,286
67749,1062,739,323
67751,137,122,15
67752,559,408,151
67753,191,133,58
67756,912,747,165
67757,235,193,42
67758,472,367,105
67761,99,80,19
67762,78,55,23
67764,165,128,37
67801,9799,6062,3737
67831,413,296,117
67834,404,304,100
67835,1022,708,314
67836,53,37,16
67837,352,245,107
67838,308,260,48
67839,639,514,125
67840,34,26,8
67841,141,123,18
67842,191,132,59
67843,113,0,113
67844,355,227,128
67846,11492,7004,4488
67849,143,111,32
67850,160,105,55
67851,836,706,130
67853,258,200,58
67854,554,418,136
67855,687,548,139
67857,45,28,17
67859,267,203,64
67860,908,674,234
67861,768,581,187
67862,128,115,13
67863,144,92,52
67864,780,540,240
67865,474,325,149
67867,656,504,152
67868,109,82,27
67869,536,385,151
67870,412,310,102
67871,2053,1515,538
67876,502,417,85
67877,824,660,164
67878,768,538,230
67879,494,307,187
67880,2619,2033,586
67882,179,69,110
67901,7001,4774,2227
67950,818,595,223
67951,1727,1162,565
67952,184,146,38
67953,51,23,28
67954,274,179,95
68001,39,35,4
68002,1020,816,204
68003,1770,1291,479
68004,369,274,95
68005,9331,5180,4151
68007,3589,3157,432
68008,4871,3758,1113
68010,11,2,9
68014,126,118,8
68015,458,378,80
68016,203,177,26
68017,691,593,98
68018,172,163,9
68019,192,163,29
68020,285,243,42
68022,8460,6389,2071
68023,973,761,212
68025,12645,7656,4989
68028,4495,3743,752
68029,392,258,134
68030,327,239,88
68031,736,518,218
68033,141,124,17
68034,299,268,31
68036,77,51,26
68037,900,725,175
68038,624,459,165
68039,301,83,218
68040,206,162,44
68041,427,309,118
68042,35,30,5
68044,231,203,28
68045,729,517,212
68046,9916,7268,2648
68047,712,559,153
68048,4954,3854,1100
68050,275,230,45
68055,115,84,31
68057,654,484,170
68058,117,103,14
68059,1225,1083,142
68061,1031,773,258
68062,116,91,25
68063,108,86,22
68064,1590,1105,485
68065,571,475,96
68066,2214,1565,649
68067,325,211,114
68068,36,35,1
68069,1199,994,205
68070,252,217,35
68071,562,242,320
68072,29,20,9
68073,708,627,81
68102,3981,521,3460
68104,14193,7958,6235
68105,9458,4049,5409
68106,9484,5796,3688
68107,9277,5641,3636
68108,5142,2361,2781
68110,3097,1448,1649
68111,7954,3204,4750
68112,4364,2910,1454
68113,222,0,222
68114,8152,4085,4067
68116,10991,8690,2301
68117,3147,2219,928
68118,3510,3061,449
68122,4200,3432,768
68123,11521,6554,4967
68124,6549,4314,2235
68127,10163,4565,5598
68128,7582,4465,3117
68130,7884,6125,1759
68131,5650,1629,4021
68132,5828,3034,2794
68133,3659,3285,374
68134,12354,6571,5783
68135,9630,8703,927
68136,5979,5174,805
68137,10416,7024,3392
68138,4719,3595,1124
68142,1571,1430,141
68144,10043,7062,2981
68147,3919,2806,1113
68152,2366,1869,497
68154,10109,6074,4035
68157,2502,1806,696
68164,11893,7670,4223
68178,0,0,0
68301,549,451,98
68303,130,118,12
68304,137,123,14
68305,1781,1224,557
68307,175,132,43
68309,53,37,16
68310,6049,3691,2358
68313,255,220,35
68314,211,147,64
68315,47,37,10
68316,213,172,41
68317,688,640,48
68318,191,154,37
68319,242,193,49
68320,180,141,39
68321,148,141,7
68322,215,176,39
68323,130,113,17
68324,39,26,13
68325,89,82,7
68326,88,71,17
68327,138,129,9
68328,197,157,40
68329,253,210,43
68331,350,300,50
68332,61,57,4
68333,2818,1821,997
68335,216,181,35
68336,194,192,2
68337,163,143,20
68338,145,122,23
68339,487,431,56
68340,385,284,101
68341,431,337,94
68342,244,176,68
68343,397,307,90
68344,175,159,16
68345,119,115,4
68346,204,151,53
68347,976,949,27
68348,140,101,39
68349,434,381,53
68350,90,83,7
68351,386,285,101
68352,2240,1474,766
68354,414,341,73
68355,2268,1720,548
68357,148,125,23
68358,615,573,42
68359,606,504,102
68360,209,170,39
68361,974,693,281
68362,20,20,0
68364,47,46,1
68365,106,86,20
68366,399,359,40
68367,142,118,24
68368,216,206,10
68370,961,699,262
68371,655,493,162
68372,1121,984,137
68375,45,38,7
68376,668,489,179
68377,187,160,27
68378,301,278,23
68379,26,26,0
68380,49,39,10
68381,83,62,21
68382,9,8,1
68401,265,208,57
68402,517,436,81
68403,63,52,11
68404,343,294,49
68405,1277,815,462
68406,225,178,47
68407,305,239,66
68409,356,290,66
68410,3568,2392,1176
68413,247,210,37
68414,125,76,49
68415,272,249,23
68416,120,98,22
68417,136,116,20
68418,443,368,75
68419,95,74,21
68420,600,479,121
68421,314,197,117
68422,213,194,19
68423,476,433,43
68424,324,275,49
68428,476,448,28
68430,624,555,69
68431,177,160,17
68433,107,57,50
68434,3228,2258,970
68436,259,203,56
68437,126,111,15
68438,52,44,8
68439,230,182,48
68440,47,47,0
68441,77,68,9
68442,144,113,31
68443,417,378,39
68444,31,27,4
68445,46,44,2
68446,1196,852,344
68447,237,197,40
68448,157,142,15
68450,930,610,320
68452,35,31,4
68453,179,122,57
68454,262,203,59
68455,210,184,26
68456,490,352,138
68457,146,131,15
68458,68,58,10
68460,312,246,66
68461,209,160,49
68462,1480,1147,333
68463,581,444,137
68464,244,220,24
68465,876,625,251
68466,718,565,153
68467,3880,2603,1277
68502,11277,6026,5251
68503,6202,1920,4282
68504,7778,3044,4734
68505,7023,4227,2796
68506,13025,7993,5032
68507,6190,4320,1870
68508,5134,517,4617
68510,9304,5449,3855
68512,5296,3420,1876
68514,38,38,0
68516,17162,12429,4733
68517,194,171,23
68520,644,615,29
68521,13451,7987,5464
68522,4407,3220,1187
68523,536,489,47
68524,2067,1252,815
68526,2416,2003,413
68527,264,264,0
68528,2512,1542,970
68531,137,44,93
68532,208,208,0
68601,11256,7971,3285
68620,1149,865,284
68621,236,218,18
68622,133,91,42
68623,126,93,33
68624,380,354,26
68626,283,227,56
68627,299,258,41
68628,347,258,89
68629,546,455,91
68631,165,137,28
68632,1667,1149,518
68633,513,391,122
68634,200,165,35
68635,168,155,13
68636,593,478,115
68637,153,107,46
68638,756,583,173
68640,667,506,161
68641,501,419,82
68642,724,575,149
68643,443,337,106
68644,220,170,50
68647,265,211,54
68648,173,140,33
68649,811,593,218
68651,558,460,98
68652,284,241,43
68653,293,257,36
68654,219,154,65
68655,75,63,12
68658,295,267,28
68659,78,53,25
68660,488,361,127
68661,2289,1521,768
68662,528,414,114
68663,326,276,50
68664,158,117,41
68665,358,291,67
68666,592,461,131
68667,46,41,5
68669,190,148,42
68701,12642,8314,4328
68710,302,250,52
68711,106,99,7
68713,951,713,238
68714,544,391,153
68715,595,467,128
68716,460,321,139
68717,93,88,5
68718,772,552,220
68719,55,45,10
68720,121,92,29
68722,241,176,65
68723,216,173,43
68724,64,51,13
68725,237,206,31
68726,246,192,54
68727,328,260,68
68728,101,77,24
68729,842,687,155
68730,740,591,149
68731,974,715,259
68732,114,103,11
68733,549,388,161
68734,36,27,9
68735,333,277,56
68736,231,178,53
68739,1228,1054,174
68740,428,368,60
68741,271,191,80
68742,79,61,18
68743,226,174,52
68745,604,457,147
68746,192,158,34
68747,43,39,4
68748,1002,666,336
68749,32,24,8
68751,33,29,4
68752,331,276,55
68753,45,36,9
68755,140,116,24
68756,785,566,219
68757,330,290,40
68758,561,379,182
68759,109,82,27
68760,543,308,235
68761,159,140,19
68763,2015,1367,648
68764,347,262,85
68765,585,441,144
68766,193,167,26
68767,1366,1047,319
68768,257,186,71
68769,762,601,161
68770,645,518,127
68771,600,444,156
68773,72,59,13
68774,92,87,5
68776,5413,3401,2012
68777,308,256,52
68778,233,179,54
68779,1046,859,187
68780,481,350,131
68781,625,457,168
68783,417,295,122
68784,704,569,135
68785,90,70,20
68786,441,334,107
68787,2448,1327,1121
68788,1935,1303,632
68789,61,54,7
68790,363,278,85
68791,751,520,231
68792,172,141,31
68801,10788,6294,4494
68803,9752,6185,3567
68810,385,321,64
68812,220,179,41
68813,216,170,46
68814,402,292,110
68815,257,171,86
68816,105,85,20
68817,142,114,28
68818,2188,1710,478
68820,170,143,27
68821,31,15,16
68822,2081,1336,745
68823,1005,793,212
68824,522,388,134
68825,498,374,124
68826,1660,1069,591
68827,252,191,61
68828,118,94,24
68831,302,248,54
68832,799,634,165
68833,164,98,66
68834,73,55,18
68835,271,191,80
68836,666,534,132
68837,65,41,24
68838,99,96,3
68840,1155,862,293
68841,199,185,14
68842,268,179,89
68843,321,288,33
68844,126,118,8
68845,8120,4640,3480
68846,114,93,21
68847,7031,4362,2669
68849,0,0,0
68850,4324,2658,1666
68852,233,175,58
68853,701,517,184
68854,383,305,78
68855,174,126,48
68856,297,172,125
68858,132,106,26
68859,261,198,63
68860,164,135,29
68861,41,36,5
68862,1298,997,301
68863,477,358,119
68864,426,340,86
68865,367,319,48
68866,376,306,70
68869,871,645,226
68870,233,205,28
68871,111,88,23
68872,336,298,38
68873,1466,1086,380
68874,410,294,116
68875,292,254,38
68876,648,448,200
68878,163,108,55
68879,178,143,35
68881,10,0,10
68882,184,136,48
68883,953,711,242
68901,10625,6911,3714
68920,766,599,167
68922,583,419,164
68923,45,43,2
68924,461,397,64
68925,215,171,44
68926,300,207,93
68927,566,408,158
68928,125,114,11
68929,88,88,0
68930,602,467,135
68932,192,175,17
68933,404,303,101
68934,56,31,25
68935,262,186,76
68936,100,71,29
68937,730,570,160
68938,243,211,32
68939,514,399,115
68940,252,195,57
68941,321,298,23
68942,152,115,37
68943,110,87,23
68944,495,328,167
68945,116,109,7
68946,10,8,2
68947,278,222,56
68948,130,95,35
68949,2792,1949,843
68950,153,111,42
68952,50,30,20
68954,14,7,7
68955,791,693,98
68956,531,445,86
68957,253,233,20
68958,266,223,43
68959,1619,1179,440
68960,64,54,10
68961,364,302,62
68964,34,29,5
68966,335,271,64
68967,389,272,117
68969,20,19,1
68970,658,489,169
68971,164,123,41
68972,67,65,2
68973,170,158,12
68974,83,76,7
68975,66,66,0
68976,144,102,42
68977,97,92,5
68978,990,691,299
68979,796,640,156
68980,151,123,28
68981,165,142,23
68982,253,179,74
69001,3781,2735,1046
69020,170,143,27
69021,611,426,185
69022,822,622,200
69023,131,111,20
69024,469,347,122
69025,453,288,165
69026,79,62,17
69027,23,15,8
69028,351,281,70
69029,164,148,16
69030,128,80,48
69032,219,158,61
69033,1120,882,238
69034,400,328,72
69036,35,28,7
69037,56,56,0
69038,238,180,58
69039,37,20,17
69040,281,217,64
69041,28,24,4
69042,8,8,0
69043,222,176,46
69044,368,224,144
69045,525,368,157
69046,79,71,8
69101,12414,7742,4672
69120,501,395,106
69121,169,117,52
69122,301,215,86
69123,372,293,79
69125,152,75,77
69127,408,338,70
69128,71,62,9
69129,523,409,114
69130,2129,1486,643
69131,248,205,43
69132,61,43,18
69133,201,162,39
69134,158,125,33
69135,55,30,25
69138,1585,1191,394
69140,776,574,202
69141,166,125,41
69142,43,33,10
69143,562,477,85
69144,77,64,13
69145,1345,912,433
69146,158,110,48
69147,240,192,48
69148,71,46,25
69149,322,277,45
69150,149,128,21
69151,340,277,63
69152,374,244,130
69153,2669,1777,892
69154,547,467,80
69155,482,368,114
69156,308,254,54
69157,30,30,0
69161,51,34,17
69162,3424,2214,1210
69163,386,289,97
69165,766,590,176
69166,290,187,103
69167,165,110,55
69168,108,90,18
69169,246,200,46
69170,128,101,27
69171,3,3,0
69201,1763,1018,745
69210,1122,841,281
69211,158,106,52
69212,93,56,37
69214,121,61,60
69216,60,49,11
69217,194,165,29
69218,107,81,26
69219,66,20,46
69220,11,6,5
69221,75,54,21
69301,4272,2775,1497
69331,25,18,7
69333,120,95,25
69334,816,656,160
69335,22,12,10
69336,1059,722,337
69337,2780,1656,1124
69339,691,546,145
69340,41,34,7
69341,4098,3175,923
69343,1031,671,360
69345,173,130,43
69346,281,207,74
69347,585,505,80
69348,630,480,150
69350,203,151,52
69351,107,50,57
69352,282,204,78
69353,9,7,2
69354,66,48,18
69355,63,58,5
69356,726,516,210
69357,1571,1169,402
69358,763,526,237
69360,559,363,196
69361,7228,4546,2682
69365,9,9,0
69366,85,58,27
69367,109,96,13
70001,17312,9038,8274
70002,8733,4372,4361
70003,15942,12092,3850
70005,11352,7152,4200
70006,5951,3827,2124
70030,1315,1260,55
70031,496,461,35
70032,1778,1229,549
70036,429,393,36
70037,5884,3565,2319
70038,102,85,17
70039,964,662,302
70040,483,422,61
70041,1133,936,197
70043,7587,4221,3366
70047,4610,3915,695
70049,718,502,216
70050,62,51,11
70051,666,593,73
70052,1363,1046,317
70053,6641,3069,3572
70056,14122,8024,6098
70057,1594,1135,459
70058,13666,8654,5012
70062,6152,3037,3115
70065,19359,11920,7439
70067,946,845,101
70068,11812,9021,2791
70070,4620,3913,707
70071,1440,1009,431
70072,19750,14597,5153
70075,1711,1384,327
70076,95,59,36
70079,1186,923,263
70080,510,452,58
70082,124,92,32
70083,943,724,219
70084,2497,1940,557
70085,1650,1477,173
70086,835,589,246
70087,2908,1897,1011
70090,2668,2092,576
70091,86,65,21
70092,2303,1887,416
70094,11078,6645,4433
70112,1477,203,1274
70113,3590,713,2877
70114,9655,4305,5350
70115,14808,7502,7306
70116,5987,2291,3696
70117,11777,5462,6315
70118,12669,6074,6595
70119,16090,5321,10769
70121,5412,2928,2484
70122,14371,8111,6260
70123,11715,7048,4667
70124,8181,5743,2438
70125,6142,2616,3526
70126,9987,4705,5282
70127,9654,4169,5485
70128,7007,4543,2464
70129,3068,1995,1073
70130,7596,2475,5121
70131,11977,6809,5168
70139,0,0,0
70163,0,0,0
70301,17059,11981,5078
70339,2570,2027,543
70340,19,19,0
70341,1517,1093,424
70342,1705,1107,598
70343,1932,1749,183
70344,2002,1624,378
70345,3533,2855,678
70346,3987,2543,1444
70352,61,61,0
70353,600,539,61
70354,1806,1582,224
70355,409,386,23
70356,812,610,202
70357,1069,689,380
70358,335,212,123
70359,3005,2283,722
70360,10844,7358,3486
70363,8063,5287,2776
70364,11044,7762,3282
70372,1155,889,266
70373,2497,1953,544
70374,2586,1866,720
70375,43,43,0
70377,1495,1256,239
70380,8590,5016,3574
70390,2521,1893,628
70391,71,71,0
70392,3178,2081,1097
70393,376,314,62
70394,5533,4430,1103
70395,1841,1463,378
70397,327,240,87
70401,7282,3756,3526
70402,0,0,0
70403,11070,6596,4474
70420,3114,2524,590
70422,5093,4030,1063
70426,1797,1341,456
70427,7468,4873,2595
70431,1999,1818,181
70433,14276,10321,3955
70435,6453,5983,470
70436,273,212,61
70437,3169,2737,432
70438,7168,5054,2114
70441,1550,1168,382
70442,93,93,0
70443,3709,2762,947
70444,4011,2993,1018
70445,3953,3492,461
70446,2651,2012,639
70447,4772,4414,358
70448,9178,7391,1787
70449,1497,1340,157
70450,1087,898,189
70451,0,0,0
70452,4684,3742,942
70453,283,261,22
70454,11295,8964,2331
70455,316,275,41
70456,890,635,255
70458,14215,10293,3922
70460,8011,5956,2055
70461,10098,7494,2604
70462,2115,1854,261
70463,54,42,12
70464,196,129,67
70465,191,118,73
70466,3215,2237,978
70471,7879,5942,1937
70501,11285,5264,6021
70503,11546,8002,3544
70506,17283,8910,8373
70507,6198,4291,1907
70508,16357,11009,5348
70510,9292,6874,2418
70512,3474,2890,584
70513,147,43,104
70514,869,536,333
70515,1155,829,326
70516,219,219,0
70517,9787,7493,2294
70518,5152,4014,1138
70519,113,113,0
70520,6925,5310,1615
70523,330,264,66
70524,79,57,22
70525,5230,3829,1401
70526,6763,4219,2544
70528,891,661,230
70529,4411,3096,1315
70531,535,430,105
70532,909,653,256
70533,2640,2140,500
70534,286,200,86
70535,6517,4310,2207
70537,200,162,38
70538,5144,3129,2015
70541,144,104,40
70542,1440,1268,172
70543,1691,1269,422
70544,3984,2536,1448
70546,6213,4290,1923
70548,3827,2906,921
70549,1283,831,452
70550,55,55,0
70552,638,446,192
70554,2042,1213,829
70555,2923,2395,528
70556,135,75,60
70558,0,0,0
70559,990,741,249
70560,14483,8694,5789
70563,7006,5611,1395
70570,14124,9537,4587
70575,45,45,0
70576,250,159,91
70577,1619,1304,315
70578,6000,4322,1678
70580,103,59,44
70581,257,234,23
70582,7087,5490,1597
70583,4389,3140,1249
70584,2909,2258,651
70585,101,82,19
70586,7571,4887,2684
70589,1219,937,282
70591,1974,1495,479
70592,8277,7016,1261
70601,14033,6732,7301
70605,14375,10287,4088
70607,11145,6209,4936
70611,7492,6219,1273
70615,4847,3090,1757
70630,770,647,123
70631,203,198,5
70632,187,187,0
70633,2589,2018,571
70634,9304,6882,2422
70637,218,145,73
70638,294,229,65
70639,138,138,0
70640,134,99,35
70643,88,74,14
70644,70,70,0
70645,556,491,65
70646,271,187,84
70647,3490,2600,890
70648,2600,2001,599
70650,88,88,0
70651,68,50,18
70652,846,675,171
70653,1302,1036,266
70654,72,72,0
70655,1052,780,272
70656,1404,1156,248
70657,1762,1652,110
70658,305,258,47
70659,523,266,257
70660,597,535,62
70661,824,694,130
70662,115,106,9
70663,10469,7713,2756
70665,3942,3329,613
70668,2509,1917,592
70669,3728,2826,902
70706,7622,6506,1116
70710,1684,1292,392
70711,1500,1226,274
70712,164,27,137
70714,6883,5056,1827
70715,526,425,101
70719,1618,1201,417
70721,276,82,194
70722,2134,1662,472
70723,438,367,71
70725,598,576,22
70726,20332,15518,4814
70729,359,238,121
70730,1428,1257,171
70732,503,398,105
70733,531,426,105
70734,2562,2072,490
70736,196,175,21
70737,15756,11726,4030
70739,4844,4374,470
70740,651,454,197
70743,77,71,6
70744,2321,1898,423
70747,68,40,28
70748,1559,1251,308
70749,590,439,151
70750,616,421,195
70752,362,239,123
70753,355,231,124
70754,4355,3525,830
70755,766,696,70
70756,130,100,30
70757,1236,983,253
70759,715,583,132
70760,2488,1579,909
70761,285,240,45
70762,425,315,110
70763,1447,1213,234
70764,5843,4373,1470
70767,5997,4214,1783
70769,14849,13175,1674
70770,1252,1156,96
70772,325,284,41
70773,91,47,44
70774,3659,3002,657
70775,3618,2670,948
70776,1206,994,212
70777,1562,1254,308
70778,1322,1133,189
70780,473,436,37
70782,86,73,13
70783,1146,1041,105
70785,7598,6456,1142
70787,40,24,16
70788,1434,940,494
70789,258,209,49
70791,8874,6538,2336
70801,76,7,69
70802,9645,3444,6201
70803,0,0,0
70805,9393,4124,5269
70806,12370,5498,6872
70807,5552,2649,2903
70808,13536,8009,5527
70809,11069,6113,4956
70810,15752,10785,4967
70811,4721,2982,1739
70812,3633,2154,1479
70814,4999,3503,1496
70815,10575,6735,3840
70816,17504,8574,8930
70817,12501,10068,2433
70818,3641,2825,816
70819,1550,1219,331
70820,7223,1678,5545
70836,0,0,0
71001,1816,1108,708
71003,481,396,85
71004,259,207,52
71006,4696,4047,649
71007,311,283,28
71008,365,315,50
71016,853,628,225
71018,619,388,231
71019,3010,2157,853
71021,389,205,184
71023,1380,1106,274
71024,713,550,163
71027,526,375,151
71028,573,411,162
71029,71,65,6
71030,691,543,148
71031,398,239,159
71032,975,790,185
71033,1413,1181,232
71034,142,126,16
71037,7307,5866,1441
71038,1776,1063,713
71039,555,507,48
71040,3120,1937,1183
71043,172,134,38
71044,288,245,43
71045,262,237,25
71046,560,529,31
71047,4243,3650,593
71048,22,22,0
71049,1279,926,353
71051,757,639,118
71052,3591,2187,1404
71055,7775,4892,2883
71060,918,688,230
71061,685,415,270
71063,340,264,76
71064,1364,1112,252
71065,504,347,157
71067,1253,795,458
71068,1583,1257,326
71069,253,219,34
71070,750,661,89
71071,990,792,198
71072,577,508,69
71073,1057,651,406
71075,2693,1787,906
71078,2568,2152,416
71079,74,74,0
71082,1982,1228,754
71101,2786,752,2034
71103,2482,938,1544
71104,6248,2653,3595
71105,9790,5388,4402
71106,13064,8761,4303
71107,12066,7470,4596
71108,6814,3492,3322
71109,7781,3306,4475
71110,977,20,957
71111,17261,9742,7519
71112,13812,8170,5642
71115,6991,3975,3016
71118,9681,5974,3707
71119,4417,3385,1032
71129,5056,2823,2233
71201,8767,4747,4020
71202,8703,4020,4683
71203,13808,7801,6007
71209,0,0,0
71219,540,480,60
71220,8220,5313,2907
71222,1195,870,325
71223,134,107,27
71225,2393,2032,361
71226,757,470,287
71227,1480,1224,256
71229,472,326,146
71232,2619,1733,886
71233,93,44,49
71234,1307,1172,135
71235,1866,1409,457
71237,544,382,162
71238,1126,1053,73
71241,3282,2695,587
71243,84,59,25
71245,1674,533,1141
71247,454,260,194
71250,88,41,47
71251,3136,2038,1098
71253,90,59,31
71254,1850,801,1049
71256,341,250,91
71259,620,518,102
71260,1169,908,261
71261,508,397,111
71263,2956,2202,754
71264,416,384,32
71266,562,471,91
71268,1023,942,81
71269,4302,2603,1699
71270,12167,5693,6474
71272,0,0,0
71275,813,575,238
71276,51,33,18
71277,607,571,36
71279,36,0,36
71280,1505,1039,466
71282,3578,2033,1545
71286,181,156,25
71291,12917,7916,5001
71292,7684,5138,2546
71295,4998,3410,1588
71301,8303,3959,4344
71302,5292,3069,2223
71303,8740,4567,4173
71316,27,27,0
71322,2221,1464,757
71323,338,276,62
71325,416,235,181
71326,411,294,117
71327,1464,1028,436
71328,2433,1927,506
71331,401,340,61
71333,236,150,86
71334,3432,1964,1468
71336,720,488,232
71339,68,68,0
71340,312,228,84
71341,1313,1017,296
71342,2718,1966,752
71343,2883,2321,562
71345,41,0,41
71346,995,636,359
71350,1726,968,758
71351,4224,3112,1112
71353,694,500,194
71354,729,579,150
71355,1219,895,324
71356,274,228,46
71357,685,429,256
71358,371,275,96
71360,12654,8015,4639
71362,734,601,133
71366,668,462,206
71367,424,368,56
71368,558,343,215
71369,1026,585,441
71371,732,554,178
71373,2477,1769,708
71375,472,316,156
71377,62,35,27
71378,916,600,316
71401,78,78,0
71403,1593,1259,334
71404,325,245,80
71405,2079,1417,662
71406,35,35,0
71407,330,262,68
71409,2090,1572,518
71410,38,23,15
71411,1313,610,703
71414,67,11,56
71416,386,188,198
71417,2020,1209,811
71418,2443,1746,697
71419,784,596,188
71422,650,536,114
71423,1536,1098,438
71424,314,232,82
71425,44,36,8
71426,84,50,34
71427,198,160,38
71429,1252,980,272
71430,995,680,315
71432,447,312,135
71433,1536,1175,361
71435,1251,1077,174
71438,717,603,114
71439,723,508,215
71441,260,150,110
71446,8224,5072,3152
71447,528,328,200
71449,3564,2162,1402
71450,451,307,144
71452,53,34,19
71454,782,399,383
71455,40,40,0
71456,553,284,269
71457,10017,4049,5968
71459,3504,51,3453
71461,900,415,485
71462,664,497,167
71463,3217,2165,1052
71465,1081,873,208
71466,206,163,43
71467,1645,1218,427
71468,354,137,217
71469,960,603,357
71472,164,164,0
71473,203,176,27
71474,208,152,56
71479,317,248,69
71480,235,192,43
71483,3689,2424,1265
71485,835,670,165
71486,2022,1374,648
71601,5502,2796,2706
71602,6234,4037,2197
71603,12728,8257,4471
71630,222,168,54
71631,174,144,30
71635,4756,3281,1475
71638,1378,896,482
71639,2385,1411,974
71640,1295,736,559
71642,264,213,51
71643,506,350,156
71644,363,262,101
71646,2250,1829,421
71647,895,579,316
71651,88,88,0
71652,469,271,198
71653,1836,1291,545
71654,1771,1041,730
71655,5680,3711,1969
71658,250,183,67
71659,30,25,5
71660,332,308,24
71661,151,114,37
71662,98,0,98
71663,225,179,46
71665,2266,1713,553
71666,22,8,14
71667,2796,2115,681
71670,596,414,182
71671,3484,2131,1353
71674,293,224,69
71675,778,651,127
71676,221,144,77
71677,68,44,24
71701,7459,4859,2600
71711,18,0,18
71720,1100,763,337
71722,27,22,5
71724,213,196,17
71725,226,187,39
71726,685,576,109
71730,12140,8602,3538
71740,581,505,76
71742,2050,1197,853
71743,1677,1211,466
71744,1172,982,190
71745,142,110,32
71747,385,325,60
71749,991,891,100
71751,433,386,47
71752,399,218,181
71753,6163,4054,2109
71758,200,200,0
71759,238,189,49
71762,941,752,189
71763,700,644,56
71764,763,621,142
71765,866,777,89
71766,280,211,69
71770,1416,1093,323
71772,1,1,0
71801,5948,3870,2078
71820,18,18,0
71822,3757,2634,1123
71823,19,14,5
71825,256,230,26
71826,426,332,94
71827,310,276,34
71832,3514,2699,815
71833,883,713,170
71834,537,399,138
71835,521,417,104
71836,1224,933,291
71837,2007,1673,334
71838,400,300,100
71839,131,103,28
71841,419,342,77
71842,854,585,269
71845,885,594,291
71846,1073,767,306
71847,237,193,44
71851,836,577,259
71852,3672,2495,1177
71853,110,92,18
71854,14073,8496,5577
71855,247,164,83
71857,1886,1117,769
71858,882,732,150
71859,237,188,49
71860,953,709,244
71861,777,647,130
71862,190,123,67
71865,70,53,17
71866,261,204,57
71901,11402,6767,4635
71909,7510,6578,932
71913,19836,12974,6862
71921,1310,1065,245
71922,37,26,11
71923,5978,3473,2505
71929,1595,1473,122
71933,411,301,110
71935,199,194,5
71937,829,639,190
71940,730,539,191
71941,858,734,124
71943,1749,1273,476
71944,317,247,70
71945,559,449,110
71949,830,633,197
71950,358,346,12
71952,40,40,0
71953,5781,4399,1382
71956,663,499,164
71957,1329,1065,264
71958,1005,673,332
71959,187,170,17
71960,680,561,119
71961,384,316,68
71962,279,219,60
71964,1325,1029,296
71965,126,98,28
71968,1496,1431,65
71969,123,104,19
71970,380,371,9
71971,217,162,55
71972,152,100,52
71973,588,401,187
71998,0,0,0
71999,0,0,0
72001,278,245,33
72002,5992,5061,931
72003,314,283,31
72004,409,312,97
72005,57,37,20
72006,1185,669,516
72007,2693,2030,663
72010,2630,1653,977
72011,1473,1335,138
72012,4729,3187,1542
72013,797,624,173
72014,20,15,5
72015,10496,7269,3227
72016,1013,933,80
72017,303,234,69
72019,9466,7891,1575
72020,1675,1392,283
72021,1716,923,793
72022,6880,4576,2304
72023,14118,9554,4564
72024,1374,992,382
72025,295,270,25
72026,133,81,52
72027,556,496,60
72029,837,470,367
72030,320,283,37
72031,2816,2141,675
72032,12285,7431,4854
72034,18703,9941,8762
72035,0,0,0
72036,383,265,118
72037,17,9,8
72038,29,21,8
72039,804,597,207
72040,1279,897,382
72041,609,416,193
72042,2097,1416,681
72044,283,265,18
72045,491,332,159
72046,1648,1001,647
72047,326,286,40
72048,39,39,0
72051,269,201,68
72055,377,253,124
72057,341,275,66
72058,6150,4570,1580
72059,12,12,0
72060,297,173,124
72061,46,33,13
72063,795,615,180
72064,1086,786,300
72065,1831,1459,372
72067,1257,886,371
72068,142,83,59
72069,536,398,138
72070,718,566,152
72072,186,167,19
72073,466,325,141
72074,65,59,6
72076,14233,8241,5992
72079,268,268,0
72080,182,160,22
72081,2805,2051,754
72082,779,446,333
72083,82,47,35
72084,451,342,109
72085,88,47,41
72086,3842,2786,1056
72087,712,603,109
72088,1300,1109,191
72099,0,0,0
72101,1141,857,284
72102,1128,815,313
72103,4656,3497,1159
72104,8574,6030,2544
72106,1993,1439,554
72107,63,56,7
72108,46,46,0
72110,4655,2696,1959
72111,509,457,52
72112,3455,2201,1254
72113,10507,6094,4413
72114,4943,1157,3786
72116,9383,5865,3518
72117,5035,2851,2184
72118,8522,4826,3696
72119,0,0,0
72120,12922,9238,3684
72121,1413,1133,280
72122,193,193,0
72123,174,105,69
72125,299,215,84
72126,1279,916,363
72127,954,732,222
72128,299,249,50
72129,459,402,57
72130,292,234,58
72131,1895,1591,304
72132,1353,965,388
72134,137,113,24
72135,984,827,157
72136,520,502,18
72137,948,731,217
72139,100,46,54
72140,186,174,12
72141,292,197,95
72142,984,865,119
72143,12844,7891,4953
72149,0,0,0
72150,4715,3662,1053
72152,196,148,48
72153,962,737,225
72156,205,127,78
72157,502,402,100
72160,4278,2477,1801
72165,44,28,16
72166,69,45,24
72167,611,530,81
72168,156,116,40
72169,55,32,23
72170,111,76,35
72173,3114,2655,459
72175,138,97,41
72176,3434,2166,1268
72179,139,118,21
72181,8,0,8
72201,706,301,405
72202,4740,1451,3289
72204,11499,6868,4631
72205,10696,5298,5398
72206,9077,5703,3374
72207,5164,3381,1783
72209,11199,5485,5714
72210,6808,4218,2590
72211,9651,5141,4510
72212,4914,4287,627
72223,9303,6071,3232
72227,4934,3467,1467
72301,9588,4693,4895
72311,50,41,9
72315,8769,5072,3697
72320,30,30,0
72321,63,42,21
72322,68,50,18
72324,914,688,226
72325,19,12,7
72326,849,533,316
72327,723,494,229
72328,34,16,18
72329,60,12,48
72330,172,134,38
72331,1210,752,458
72332,20,8,12
72333,290,117,173
72335,6056,3303,2753
72338,6,6,0
72339,49,35,14
72340,62,52,10
72341,93,75,18
72342,1753,688,1065
72346,277,210,67
72347,265,167,98
72348,1080,571,509
72350,454,280,174
72351,226,118,108
72353,13,13,0
72354,929,551,378
72355,958,680,278
72358,500,269,231
72359,213,106,107
72360,2399,1294,1105
72364,5641,3850,1791
72365,1108,656,452
72366,964,483,481
72367,24,0,24
72368,536,359,177
72370,3151,1450,1701
72372,846,599,247
72373,463,249,214
72374,307,264,43
72376,738,588,150
72377,9,9,0
72379,0,0,0
72383,65,65,0
72384,357,151,206
72386,780,551,229
72389,88,64,24
72390,3165,1283,1882
72392,226,176,50
72394,206,127,79
72395,437,272,165
72396,5000,3371,1629
72401,22291,11341,10950
72404,10274,6563,3711
72410,171,117,54
72411,949,611,338
72412,256,178,78
72413,202,145,57
72414,143,87,56
72415,509,386,123
72416,2161,1632,529
72417,2085,1317,768
72419,668,433,235
72421,220,106,114
72422,1930,1196,734
72424,38,31,7
72425,171,149,22
72426,88,55,33
72427,80,70,10
72428,25,19,6
72429,163,94,69
72430,150,120,30
72431,167,109,58
72432,2513,1694,819
72433,1278,840,438
72434,857,680,177
72435,171,136,35
72436,358,320,38
72437,1355,961,394
72438,1043,648,395
72440,109,65,44
72441,39,29,10
72442,1758,1035,723
72443,1216,882,334
72444,728,589,139
72445,37,31,6
72447,864,566,298
72449,109,71,38
72450,14544,9599,4945
72453,80,69,11
72454,2170,1566,604
72455,5257,3666,1591
72456,226,161,65
72457,78,57,21
72458,280,266,14
72459,573,444,129
72460,316,241,75
72461,1564,1140,424
72462,182,102,80
72464,16,16,0
72466,597,390,207
72467,0,0,0
72469,418,348,70
72470,101,74,27
72471,509,383,126
72472,3609,2276,1333
72473,1027,753,274
72476,2424,1384,1040
72478,177,161,16
72479,550,349,201
72482,489,407,82
72501,10001,7031,2970
72512,1050,795,255
72513,1079,832,247
72515,0,0,0
72517,129,127,2
72519,1200,886,314
72520,84,84,0
72521,2036,1423,613
72522,216,174,42
72523,526,366,160
72524,124,68,56
72526,77,49,28
72527,168,168,0
72528,7,7,0
72529,2291,1928,363
72530,674,601,73
72531,377,366,11
72532,516,367,149
72533,191,184,7
72534,529,464,65
72536,185,168,17
72537,308,252,56
72538,153,133,20
72539,79,79,0
72540,78,55,23
72542,1706,1433,273
72543,5023,3400,1623
72544,287,214,73
72546,76,60,16
72550,247,228,19
72553,16,14,2
72554,1109,831,278
72555,74,51,23
72556,1312,1019,293
72560,3729,2602,1127
72561,250,210,40
72562,892,623,269
72564,173,127,46
72565,267,216,51
72566,231,226,5
72567,93,80,13
72568,494,351,143
72569,137,108,29
72571,137,137,0
72572,64,41,23
72573,81,49,32
72576,1696,1155,541
72577,268,221,47
72578,24,24,0
72579,547,372,175
72581,481,428,53
72583,754,553,201
72584,158,141,17
72585,165,165,0
72587,34,17,17
72601,11956,8157,3799
72611,595,407,188
72616,4002,3112,890
72617,30,24,6
72619,881,662,219
72623,390,373,17
72624,144,130,14
72626,617,462,155
72628,343,307,36
72629,191,149,42
72630,110,93,17
72631,1894,1639,255
72632,2017,1508,509
72633,614,584,30
72634,1729,1275,454
72635,1456,1061,395
72636,6,6,0
72638,2720,1839,881
72639,270,199,71
72640,115,115,0
72641,1071,906,165
72642,1070,927,143
72644,1111,956,155
72645,851,651,200
72648,174,141,33
72650,1673,1297,376
72651,464,317,147
72653,12702,9389,3313
72655,148,135,13
72658,629,512,117
72660,225,188,37
72661,278,226,52
72662,1141,984,157
72663,98,82,16
72666,97,97,0
72668,110,110,0
72669,23,21,2
72670,44,44,0
72672,111,58,53
72675,560,448,112
72677,155,103,52
72679,16,9,7
72680,311,229,82
72682,161,157,4
72683,109,102,7
72685,425,370,55
72686,71,71,0
72687,2564,1998,566
72701,16401,6595,9806
72703,14651,5969,8682
72704,10503,5908,4595
72712,19260,11302,7958
72714,5193,4438,755
72715,7179,6251,928
72717,337,277,60
72718,1024,942,82
72719,4066,2274,1792
72721,176,164,12
72722,1216,834,382
72727,2108,1631,477
72729,99,99,0
72730,3315,2307,1008
72732,1844,1587,257
72734,2987,1987,1000
72736,2466,1788,678
72738,858,742,116
72739,232,148,84
72740,3578,2662,916
72742,263,221,42
72744,2074,1345,729
72745,4800,3112,1688
72747,126,116,10
72749,21,12,9
72751,2531,2026,505
72752,197,134,63
72753,3310,2528,782
72756,15916,9696,6220
72758,14717,9261,5456
72760,132,110,22
72761,7459,4590,2869
72762,14283,9362,4921
72764,18281,8877,9404
72768,411,310,101
72769,388,239,149
72773,426,395,31
72774,2282,1909,373
72776,310,268,42
72801,6588,2588,4000
72802,7629,6231,1398
72821,759,572,187
72823,2384,1831,553
72824,629,435,194
72826,15,12,3
72827,73,73,0
72828,27,27,0
72830,5599,3540,2059
72832,448,319,129
72833,1393,919,474
72834,3594,2581,1013
72835,271,233,38
72837,2761,2216,545
72838,49,49,0
72839,143,124,19
72840,898,800,98
72841,67,56,11
72842,479,379,100
72843,940,766,174
72845,432,411,21
72846,1571,1254,317
72847,1008,779,229
72851,264,231,33
72852,60,60,0
72853,777,471,306
72854,338,288,50
72855,2453,1623,830
72856,121,102,19
72857,542,427,115
72858,1499,1209,290
72860,202,144,58
72863,692,578,114
72865,514,482,32
72901,8870,3670,5200
72903,11308,5467,5841
72904,7819,4376,3443
72908,5542,3545,1997
72916,3392,2568,824
72921,5273,4242,1031
72923,1932,1116,816
72926,259,190,69
72927,3148,2084,1064
72928,283,224,59
72930,123,89,34
72932,661,563,98
72933,2105,1671,434
72934,334,325,9
72935,183,127,56
72936,5516,4302,1214
72937,1368,1090,278
72938,480,403,77
72940,1017,920,97
72941,2049,1634,415
72943,948,664,284
72944,1216,984,232
72945,90,63,27
72946,1479,1355,124
72947,1580,1351,229
72948,121,121,0
72949,3742,2564,1178
72950,127,108,19
72951,389,318,71
72952,1020,864,156
72955,122,108,14
72956,13329,9520,3809
72958,2699,1932,767
72959,1118,945,173
73002,356,290,66
73003,8845,5177,3668
73004,348,285,63
73005,3255,2094,1161
73006,1224,993,231
73007,943,853,90
73008,7739,4388,3351
73009,501,361,140
73010,6731,5825,906
73011,147,109,38
73012,12688,10417,2271
73013,18964,15054,3910
73014,654,509,145
73015,1067,761,306
73016,601,534,67
73017,600,476,124
73018,7836,5064,2772
73019,0,0,0
73020,8549,7286,1263
73021,105,96,9
73024,257,197,60
73025,4051,3888,163
73026,3988,3583,405
73027,425,294,131
73028,1377,1113,264
73029,640,511,129
73030,1592,1058,534
73032,101,87,14
73033,138,92,46
73034,16449,11694,4755
73036,6660,4262,2398
73038,747,596,151
73040,782,485,297
73041,158,131,27
73042,410,304,106
73043,82,76,6
73044,8220,6017,2203
73045,4409,3493,916
73047,1433,1088,345
73048,912,690,222
73049,2090,1721,369
73050,42,5,37
73051,2894,2233,661
73052,2571,1920,651
73053,265,204,61
73054,1518,1270,248
73055,3795,2983,812
73056,139,122,17
73057,901,616,285
73058,75,63,12
73059,1092,893,199
73061,651,490,161
73062,607,476,131
73063,224,180,44
73064,8069,6202,1867
73065,3251,2699,552
73066,126,98,28
73067,866,695,171
73068,4595,3279,1316
73069,10097,4840,5257
73071,17167,7813,9354
73072,17051,9962,7089
73073,191,150,41
73074,412,262,150
73075,3555,2253,1302
73077,2834,2048,786
73078,3263,3081,182
73079,181,140,41
73080,3572,2415,1157
73082,1057,834,223
73084,2738,1935,803
73086,3363,2378,985
73089,4256,3772,484
73090,340,271,69
73092,334,247,87
73093,1004,846,158
73095,761,580,181
73096,5062,2559,2503
73097,76,60,16
73098,1644,1169,475
73099,22822,17215,5607
73102,1134,85,1049
73103,2645,854,1791
73104,1230,306,924
73105,2744,1178,1566
73106,4468,1790,2678
73107,10496,5493,5003
73108,4652,1804,2848
73109,6998,3158,3840
73110,13928,6468,7460
73111,4679,2225,2454
73112,14743,7441,7302
73114,7716,2861,4855
73115,8439,4758,3681
73116,4424,3134,1290
73117,2493,1064,1429
73118,6365,3452,2913
73119,9631,4822,4809
73120,17459,9182,8277
73121,1344,1058,286
73122,4950,2983,1967
73127,9031,4076,4955
73128,1551,1052,499
73129,6248,3200,3048
73130,8009,6054,1955
73131,1456,949,507
73132,10816,6128,4688
73134,2879,653,2226
73135,8335,4731,3604
73139,7325,3017,4308
73141,1074,694,380
73142,6283,3445,2838
73145,504,0,504
73149,1913,943,970
73150,1687,1561,126
73151,600,580,20
73159,12246,7487,4759
73160,22705,14874,7831
73162,11811,8333,3478
73165,2254,2187,67
73169,736,573,163
73170,14065,11300,2765
73173,1038,999,39
73179,1689,1500,189
73401,13676,8982,4694
73425,25,25,0
73430,456,422,34
73432,433,327,106
73433,1069,871,198
73434,222,176,46
73437,39,33,6
73438,1373,997,376
73439,3105,2413,692
73440,131,94,37
73441,59,49,10
73442,160,142,18
73443,1454,1083,371
73444,76,49,27
73446,3004,1986,1018
73447,462,371,91
73448,1979,1477,502
73449,1091,792,299
73450,508,425,83
73453,206,170,36
73455,234,182,52
73456,786,593,193
73458,325,239,86
73459,330,250,80
73460,1945,1226,719
73461,274,223,51
73463,1166,1004,162
73481,375,306,69
73487,66,52,14
73491,271,198,73
73501,7119,2908,4211
73503,1584,6,1578
73505,18357,10179,8178
73507,8774,4861,3913
73520,72,48,24
73521,8077,4281,3796
73526,901,682,219
73527,1684,1371,313
73528,205,163,42
73529,2084,1607,477
73530,160,139,21
73531,177,140,37
73532,205,135,70
73533,10709,7360,3349
73537,239,172,67
73538,2015,1443,572
73539,86,86,0
73540,146,110,36
73541,968,820,148
73542,1712,1335,377
73543,590,438,152
73544,117,100,17
73546,469,318,151
73547,600,411,189
73548,165,154,11
73549,84,62,22
73550,1010,732,278
73551,24,24,0
73552,505,427,78
73553,26,26,0
73554,1327,925,402
73555,57,51,6
73556,55,33,22
73557,166,144,22
73559,197,150,47
73560,258,178,80
73562,220,192,28
73564,227,171,56
73565,388,273,115
73566,747,507,240
73567,276,181,95
73568,408,302,106
73569,224,158,66
73570,453,345,108
73571,36,17,19
73572,1348,1038,310
73573,894,572,322
73601,3530,2209,1321
73620,474,413,61
73622,110,86,24
73624,719,372,347
73625,302,248,54
73626,389,315,74
73627,165,124,41
73628,560,426,134
73632,1448,1002,446
73638,92,51,41
73639,237,180,57
73641,216,184,32
73642,83,62,21
73644,5043,3263,1780
73645,566,377,189
73646,224,205,19
73647,225,193,32
73650,332,255,77
73651,1610,1021,589
73654,294,216,78
73655,358,290,68
73658,72,70,2
73659,80,68,12
73660,157,115,42
73661,153,130,23
73662,1927,1250,677
73663,402,303,99
73664,455,314,141
73666,75,49,26
73667,238,166,72
73669,684,520,164
73673,97,68,29
73701,8389,5144,3245
73703,12315,7695,4620
73705,0,0,0
73716,222,201,21
73717,2526,1673,853
73718,250,215,35
73719,26,23,3
73720,82,70,12
73722,179,133,46
73724,453,351,102
73726,219,181,38
73727,91,80,11
73728,774,585,189
73729,211,177,34
73730,289,226,63
73731,63,59,4
73733,121,113,8
73734,320,246,74
73735,269,235,34
73736,168,134,34
73737,1392,1091,301
73738,469,343,126
73739,143,140,3
73741,269,201,68
73742,1538,1183,355
73743,47,33,14
73744,61,46,15
73746,7,7,0
73747,169,80,89
73749,203,150,53
73750,2687,2145,542
73753,163,147,16
73754,459,404,55
73755,381,297,84
73756,126,98,28
73757,99,70,29
73758,41,33,8
73759,644,496,148
73760,155,149,6
73761,150,142,8
73762,783,617,166
73763,804,669,135
73764,66,36,30
73766,503,327,176
73768,592,487,105
73771,191,135,56
73772,1263,961,302
73773,777,576,201
73801,5653,3786,1867
73832,427,376,51
73834,607,476,131
73835,97,82,15
73838,162,135,27
73840,267,204,63
73841,163,125,38
73842,205,181,24
73843,338,243,95
73844,103,68,35
73848,739,626,113
73851,49,46,3
73852,818,712,106
73853,217,180,37
73855,36,35,1
73857,260,227,33
73858,603,379,224
73859,531,394,137
73860,573,415,158
73901,59,36,23
73931,192,150,42
73932,843,611,232
73933,688,533,155
73937,99,64,35
73938,292,256,36
73939,499,222,277
73942,4152,2646,1506
73944,166,111,55
73945,1016,754,262
73946,23,23,0
73947,157,94,63
73949,579,400,179
73950,474,388,86
73951,375,313,62
74001,135,107,28
74002,791,623,168
74003,5685,3333,2352
74006,10852,8082,2770
74008,10119,7887,2232
74010,3975,2846,1129
74011,10298,8380,1918
74012,22458,15347,7111
74014,14207,12274,1933
74015,3497,2489,1008
74016,2260,1764,496
74017,11238,7624,3614
74019,6900,5604,1296
74020,2903,2106,797
74021,7115,5875,1240
74022,735,653,82
74023,4167,2739,1428
74026,311,234,77
74027,387,308,79
74028,634,516,118
74029,2042,1507,535
74030,1535,1071,464
74032,827,690,137
74033,4090,3140,950
74034,51,36,15
74035,1332,950,382
74036,2687,2189,498
74037,6344,4863,1481
74038,802,685,117
74039,1337,1082,255
74041,976,798,178
74042,152,112,40
74044,2812,2260,552
74045,129,110,19
74046,44,28,16
74047,2537,2116,421
74048,2463,1735,728
74050,133,78,55
74051,735,672,63
74052,418,283,135
74053,1631,1392,239
74054,279,245,34
74055,16680,12508,4172
74056,2193,1475,718
74058,1443,1026,417
74059,2130,1591,539
74060,199,156,43
74061,763,590,173
74062,424,353,71
74063,12386,9626,2760
74066,12231,8980,3251
74068,4,4,0
74070,5403,4011,1392
74071,66,59,7
74072,717,573,144
74073,2070,1688,382
74074,12036,5784,6252
74075,10454,4110,6344
74078,0,0,0
74079,1573,1103,470
74080,1042,837,205
74081,681,632,49
74082,30,24,6
74083,389,313,76
74084,214,173,41
74085,902,669,233
74103,293,4,289
74104,5330,2354,2976
74105,12160,6555,5605
74106,7187,3204,3983
74107,8056,4236,3820
74108,2733,1661,1072
74110,4990,2467,2523
74112,9199,4982,4217
74114,7276,5448,1828
74115,8094,4173,3921
74116,1477,654,823
74117,12,12,0
74119,2297,569,1728
74120,2363,871,1492
74126,3660,2115,1545
74127,6675,3778,2897
74128,4495,2799,1696
74129,7115,3453,3662
74130,732,490,242
74131,1088,852,236
74132,3559,2300,1259
74133,19403,10030,9373
74134,6112,3428,2684
74135,9648,4730,4918
74136,13884,4894,8990
74137,10834,7324,3510
74145,7605,3903,3702
74146,5586,1912,3674
74301,4365,3052,1313
74330,1107,813,294
74331,3040,2374,666
74332,681,512,169
74333,397,316,81
74337,1905,1506,399
74338,1899,1444,455
74339,868,586,282
74340,122,100,22
74342,1144,894,250
74343,1167,873,294
74344,6677,4899,1778
74346,2662,1918,744
74347,974,757,217
74349,137,91,46
74350,321,238,83
74352,2501,1961,540
74354,6878,4430,2448
74358,87,62,25
74359,172,132,40
74360,18,15,3
74361,6459,4253,2206
74363,1030,804,226
74364,712,566,146
74365,1715,1237,478
74366,613,533,80
74367,191,145,46
74368,33,28,5
74369,753,600,153
74370,1375,1117,258
74401,6416,3718,2698
74403,12144,7743,4401
74421,1728,1357,371
74422,300,253,47
74423,348,268,80
74425,487,412,75
74426,4058,3206,852
74427,508,478,30
74428,470,384,86
74429,5291,4068,1223
74430,202,153,49
74431,321,254,67
74432,4217,3387,830
74434,3320,2634,686
74435,1245,1028,217
74436,1837,1399,438
74437,3866,2832,1034
74438,42,35,7
74441,1912,1558,354
74442,401,340,61
74445,1124,804,320
74446,187,137,50
74447,6245,3879,2366
74450,667,581,86
74451,1496,1183,313
74452,125,89,36
74454,1269,1044,225
74455,1252,1014,238
74456,80,63,17
74457,207,174,33
74458,32,25,7
74459,50,43,7
74460,82,59,23
74462,2987,2180,807
74463,71,40,31
74464,10700,6275,4425
74467,6092,4038,2054
74468,120,111,9
74469,862,592,270
74470,589,476,113
74471,538,446,92
74472,246,208,38
74477,0,0,0
74501,10859,7553,3306
74521,74,58,16
74522,117,94,23
74523,2369,1710,659
74525,3748,2651,1097
74528,71,56,15
74530,72,63,9
74531,350,282,68
74533,330,246,84
74534,61,52,9
74535,42,37,5
74536,652,456,196
74538,1641,1115,526
74540,103,90,13
74543,153,128,25
74546,296,219,77
74547,1376,976,400
74549,29,22,7
74552,469,364,105
74553,493,373,120
74554,774,420,354
74555,308,240,68
74556,144,128,16
74557,201,170,31
74558,180,151,29
74560,246,181,65
74561,816,646,170
74562,372,305,67
74563,780,651,129
74565,274,212,62
74567,56,53,3
74569,280,234,46
74570,426,324,102
74571,1357,938,419
74572,248,198,50
74574,471,398,73
74576,45,35,10
74577,87,57,30
74578,2353,1546,807
74601,7348,4226,3122
74604,5015,4103,912
74630,253,145,108
74631,3000,2241,759
74632,266,227,39
74633,132,121,11
74636,120,99,21
74637,693,551,142
74640,126,101,25
74641,296,269,27
74643,183,160,23
74644,199,142,57
74646,86,83,3
74647,1396,1057,339
74650,265,220,45
74651,294,189,105
74652,315,259,56
74653,1473,965,508
74701,9364,5065,4299
74720,201,160,41
74722,81,63,18
74723,552,391,161
74724,121,93,28
74726,926,676,250
74727,770,533,237
74728,4301,2957,1344
74729,1122,848,274
74730,1742,1175,567
74731,599,414,185
74733,1221,869,352
74734,454,358,96
74735,605,485,120
74736,404,306,98
74738,255,202,53
74740,916,760,156
74741,397,309,88
74743,3354,2073,1281
74745,3872,2478,1394
74747,112,65,47
74748,243,221,22
74750,127,109,18
74753,15,15,0
74754,141,105,36
74755,47,47,0
74756,292,249,43
74759,549,463,86
74760,145,103,42
74761,36,26,10
74764,1442,1098,344
74766,598,480,118
74801,8435,4890,3545
74804,7727,5219,2508
74820,11862,7265,4597
74824,466,393,73
74825,781,605,176
74826,417,340,77
74827,130,105,25
74829,167,127,40
74830,77,61,16
74831,279,211,68
74832,328,271,57
74833,304,252,52
74834,2781,2139,642
74836,94,42,52
74837,92,73,19
74839,210,159,51
74840,696,524,172
74842,53,46,7
74843,159,136,23
74844,147,115,32
74845,174,133,41
74848,2243,1645,598
74849,1167,825,342
74850,116,100,16
74851,3272,2705,567
74852,543,424,119
74854,679,546,133
74855,1863,1529,334
74856,291,198,93
74857,3346,2942,404
74859,2231,1491,740
74860,597,499,98
74864,1881,1339,542
74865,631,527,104
74867,312,241,71
74868,4821,3324,1497
74869,288,247,41
74871,869,751,118
74872,1221,856,365
74873,4244,3272,972
74875,431,376,55
74878,552,469,83
74880,703,549,154
74881,1839,1565,274
74883,804,545,259
74884,2201,1490,711
74901,768,494,274
74902,1524,1074,450
74930,798,659,139
74931,450,396,54
74932,909,652,257
74935,71,50,21
74936,405,299,106
74937,1930,1353,577
74939,248,187,61
74940,932,719,213
74941,975,723,252
74942,56,39,17
74943,56,38,18
74944,460,343,117
74945,152,115,37
74946,52,15,37
74948,4298,3390,908
74949,135,106,29
74951,526,333,193
74953,4480,2948,1532
74954,1766,1084,682
74955,5778,3764,2014
74956,657,487,170
74957,444,375,69
74959,2645,1864,781
74960,4538,3073,1465
74962,1787,1320,467
74963,190,174,16
74964,1000,728,272
74965,1834,1192,642
74966,1435,1246,189
75001,8361,1461,6900
75002,22236,17508,4728
75006,18022,9054,8968
75007,19356,14148,5208
75009,3633,2860,773
75010,11482,5108,6374
75013,13663,10046,3617
75019,15953,11270,4683
75020,8829,5624,3205
75021,3369,2584,785
75022,7933,7395,538
75023,18121,11586,6535
75024,17726,7557,10169
75025,18780,13027,5753
75028,15826,13158,2668
75032,10973,8978,1995
75034,35506,24828,10678
75035,22460,18061,4399
75038,12279,2084,10195
75039,9697,1593,8104
75040,18460,13189,5271
75041,9379,5709,3670
75042,11483,5846,5637
75043,21054,12260,8794
75044,15054,10161,4893
75048,7626,6780,846
75050,14690,6352,8338
75051,12798,6006,6792
75052,29698,22032,7666
75054,3082,2658,424
75056,21956,13697,8259
75057,5022,1805,3217
75058,846,671,175
75060,14003,8666,5337
75061,17381,6609,10772
75062,16126,6813,9313
75063,15903,6332,9571
75065,4492,3385,1107
75067,24965,9528,15437
75068,19329,15587,3742
75069,13853,7136,6717
75070,34661,25028,9633
75071,16901,12258,4643
75074,17124,9694,7430
75075,14219,9039,5180
75076,3159,2506,653
75077,12912,10421,2491
75078,6897,6079,818
75080,19098,10551,8547
75081,14975,8521,6454
75082,8543,6210,2333
75087,11746,9278,2468
75088,9104,7807,1297
75089,10997,9684,1313
75090,8286,5135,3151
75092,9920,5444,4476
75093,19131,12108,7023
75094,6140,5291,849
75098,17370,13759,3611
75101,190,144,46
75102,440,372,68
75103,5241,4156,1085
75104,15820,11001,4819
75105,66,61,5
75109,1718,1424,294
75110,10283,6464,3819
75114,1960,1567,393
75115,18722,12004,6718
75116,6514,3576,2938
75117,1518,1146,372
75119,9164,6083,3081
75124,1614,1240,374
75125,2091,1551,540
75126,13398,11518,1880
75127,584,432,152
75132,504,426,78
75134,7145,4088,3057
75135,2373,1883,490
75137,6776,4817,1959
75140,2337,1714,623
75141,1176,787,389
75142,5781,4249,1532
75143,5466,4350,1116
75144,1259,876,383
75146,6783,4374,2409
75147,2510,1718,792
75148,2249,1571,678
75149,17603,10655,6948
75150,21248,9484,11764
75152,1562,1177,385
75153,124,109,15
75154,12580,9728,2852
75155,825,689,136
75156,6546,5161,1385
75157,89,73,16
75158,1373,1232,141
75159,5286,3758,1528
75160,8328,5178,3150
75161,2153,1703,450
75163,1237,914,323
75164,263,197,66
75165,15240,9286,5954
75166,1318,1121,197
75167,3523,3269,254
75169,5096,3907,1189
75172,1205,702,503
75173,1456,1292,164
75180,6202,3733,2469
75181,8084,7007,1077
75182,1834,1815,19
75189,8731,7370,1361
75201,9532,1123,8409
75202,1344,291,1053
75203,6551,1753,4798
75204,17390,3558,13832
75205,9238,5954,3284
75206,20324,5430,14894
75207,1494,9,1485
75208,10380,5564,4816
75209,6636,4039,2597
75210,2823,661,2162
75211,21846,10900,10946
75212,7608,3867,3741
75214,15887,8555,7332
75215,6450,2144,4306
75216,18415,9002,9413
75217,23629,14419,9210
75218,10417,6891,3526
75219,14592,5042,9550
75220,14476,4522,9954
75223,4589,2407,2182
75224,10994,5318,5676
75225,8804,6711,2093
75226,1785,114,1671
75227,17672,10219,7453
75228,25797,12019,13778
75229,10935,7882,3053
75230,13237,8195,5042
75231,16956,2996,13960
75232,10943,6178,4765
75233,5025,2509,2516
75234,12016,7319,4697
75235,7853,1885,5968
75236,6686,2317,4369
75237,8441,1235,7206
75238,12776,6345,6431
75240,10194,2454,7740
75241,10811,6344,4467
75243,27936,6744,21192
75244,6115,2992,3123
75246,1306,149,1157
75247,210,0,210
75248,16389,8682,7707
75249,5143,3795,1348
75251,1583,0,1583
75252,12402,5162,7240
75253,6453,3991,2462
75254,11720,2186,9534
75270,0,0,0
75287,27735,5691,22044
75390,0,0,0
75401,6626,3396,3230
75402,6517,4630,1887
75407,5516,3798,1718
75409,4566,3478,1088
75410,2113,1717,396
75411,507,375,132
75412,288,272,16
75413,90,55,35
75414,1006,825,181
75415,79,69,10
75416,1133,856,277
75417,1016,886,130
75418,4868,3291,1577
75420,351,280,71
75421,199,188,11
75422,1095,908,187
75423,1047,888,159
75424,1121,913,208
75426,1959,1244,715
75428,3747,1761,1986
75431,842,596,246
75432,1292,834,458
75433,1017,829,188
75435,497,347,150
75436,807,612,195
75437,481,443,38
75438,350,298,52
75439,401,236,165
75440,2567,2136,431
75441,66,66,0
75442,3292,2408,884
75446,1190,900,290
75447,407,336,71
75448,247,227,20
75449,585,419,166
75450,56,43,13
75451,549,462,87
75452,1453,958,495
75453,1122,923,199
75454,2892,2479,413
75455,9300,5945,3355
75457,2303,1718,585
75459,1898,1417,481
75460,9366,4688,4678
75462,4449,3454,995
75468,324,312,12
75469,117,101,16
75470,162,162,0
75471,413,336,77
75472,1357,967,390
75473,1371,1132,239
75474,5334,4143,1191
75475,55,50,5
75476,477,417,60
75477,402,260,142
75478,369,289,80
75479,680,547,133
75480,631,581,50
75481,139,121,18
75482,9413,6153,3260
75486,808,709,99
75487,700,504,196
75488,236,190,46
75489,425,272,153
75490,906,791,115
75491,1793,1360,433
75492,184,163,21
75493,126,84,42
75494,3473,2670,803
75495,2871,2363,508
75496,1270,1045,225
75497,1479,1207,272
75501,12874,7614,5260
75503,9600,6021,3579
75550,343,278,65
75551,4100,3218,882
75554,819,710,109
75555,659,584,75
75556,410,288,122
75558,465,410,55
75559,2033,1557,476
75560,374,297,77
75561,1953,1317,636
75562,117,117,0
75563,1891,1401,490
75565,91,60,31
75566,374,353,21
75567,1752,1358,394
75568,1038,685,353
75569,1339,725,614
75570,3205,2121,1084
75571,1072,941,131
75572,1662,1279,383
75573,40,40,0
75574,734,590,144
75601,6043,3588,2455
75602,7140,4235,2905
75603,2248,1856,392
75604,11361,6205,5156
75605,12213,7398,4815
75630,1148,1018,130
75631,1117,819,298
75633,5182,3723,1459
75638,2356,1780,576
75639,1150,889,261
75640,1767,1412,355
75641,52,40,12
75642,26,26,0
75643,860,714,146
75644,4528,3308,1220
75645,3398,3031,367
75647,4517,3311,1206
75650,3373,2293,1080
75651,756,702,54
75652,4559,3116,1443
75654,4616,3685,931
75656,1554,1163,391
75657,3249,2385,864
75661,1049,803,246
75662,8894,6417,2477
75667,450,320,130
75668,926,620,306
75669,193,172,21
75670,5931,3722,2209
75672,5893,4541,1352
75681,908,745,163
75682,172,170,2
75683,1480,1174,306
75684,2413,1757,656
75686,4829,3534,1295
75691,1398,968,430
75692,1530,1284,246
75693,2366,1631,735
75701,12129,6868,5261
75702,7660,3966,3694
75703,16692,9095,7597
75704,3088,2329,759
75705,987,845,142
75706,2841,1946,895
75707,5388,3927,1461
75708,2393,1639,754
75709,1885,1019,866
75750,1366,1143,223
75751,5692,3614,2078
75752,2763,2339,424
75754,2372,1766,606
75755,1942,1314,628
75756,1546,1374,172
75757,4315,3851,464
75758,3422,2624,798
75759,25,21,4
75760,1006,786,220
75762,4648,3694,954
75763,2340,1961,379
75764,70,57,13
75765,2928,2442,486
75766,9730,6613,3117
75770,1198,990,208
75771,7143,5561,1582
75773,4862,3741,1121
75778,1231,973,258
75779,34,34,0
75780,59,42,17
75783,3040,2411,629
75784,301,278,23
75785,3314,2474,840
75788,71,49,22
75789,2802,2283,519
75790,1512,1166,346
75791,4365,3370,995
75792,1111,748,363
75801,5844,3515,2329
75803,6052,4547,1505
75831,1931,1442,489
75832,9,0,9
75833,1263,933,330
75835,4526,2755,1771
75838,249,214,35
75839,2066,1723,343
75840,2403,1739,664
75844,2438,1957,481
75845,1177,929,248
75846,1061,806,255
75847,762,561,201
75848,55,41,14
75849,33,22,11
75850,288,281,7
75851,861,726,135
75852,425,333,92
75853,288,241,47
75855,1093,903,190
75856,22,22,0
75858,0,0,0
75859,823,703,120
75860,1981,1494,487
75861,707,368,339
75862,4199,3313,886
75901,10642,6978,3664
75904,12366,7435,4931
75925,1491,971,520
75926,442,357,85
75928,339,296,43
75929,705,572,133
75930,750,674,76
75931,900,816,84
75932,573,528,45
75933,444,444,0
75934,68,40,28
75935,4827,3412,1415
75936,326,276,50
75937,339,292,47
75938,1046,895,151
75939,1870,1256,614
75941,2629,1964,665
75942,67,67,0
75943,515,381,134
75944,532,475,57
75946,1338,898,440
75948,2533,2270,263
75949,2873,2177,696
75951,5448,3751,1697
75954,1083,852,231
75956,3109,2404,705
75959,274,263,11
75960,305,284,21
75961,6163,3132,3031
75962,0,0,0
75964,6825,4224,2601
75965,7504,3548,3956
75966,1680,1392,288
75968,682,528,154
75969,1374,1195,179
75972,2407,1880,527
75973,1069,919,150
75974,1236,920,316
75975,1402,1068,334
75976,249,118,131
75977,254,208,46
75978,51,45,6
75979,3525,2875,650
75980,1043,816,227
76001,10116,8344,1772
76002,9646,8086,1560
76006,11700,2997,8703
76008,5796,5175,621
76009,6902,5465,1437
76010,17389,5693,11696
76011,9626,1939,7687
76012,10342,6310,4032
76013,13193,6820,6373
76014,10883,5580,5303
76015,6267,3053,3214
76016,11245,8949,2296
76017,16972,11321,5651
76018,9477,6809,2668
76020,10119,7588,2531
76021,15378,8583,6795
76022,5722,2942,2780
76023,2325,1749,576
76028,24119,18758,5361
76031,5848,4468,1380
76033,9831,6134,3697
76034,8886,8554,332
76035,605,582,23
76036,8483,6338,2145
76039,14872,6211,8661
76040,11478,5158,6320
76041,161,138,23
76043,2776,1875,901
76044,1484,1156,328
76048,9437,6392,3045
76049,11174,9218,1956
76050,2218,1801,417
76051,20081,10812,9269
76052,7209,6533,676
76053,10770,5978,4792
76054,4371,3784,587
76055,1008,750,258
76058,6115,4894,1221
76059,1569,594,975
76060,2749,2050,699
76061,20,20,0
76063,23178,17669,5509
76064,547,446,101
76065,11755,9692,2063
76066,1053,850,203
76067,6865,4627,2238
76070,268,268,0
76071,1321,988,333
76073,1944,1651,293
76077,154,154,0
76078,3143,2694,449
76082,6392,5113,1279
76084,2337,1849,488
76085,3572,3007,565
76086,8157,4246,3911
76087,9640,8536,1104
76088,4048,3184,864
76092,9165,8434,731
76093,666,424,242
76102,3542,1085,2457
76103,5056,3060,1996
76104,6306,2625,3681
76105,6566,3346,3220
76106,10292,5179,5113
76107,14065,6881,7184
76108,15336,10338,4998
76109,9737,5455,4282
76110,10378,6109,4269
76111,6641,4034,2607
76112,16491,8063,8428
76114,8893,5127,3766
76115,5847,2894,2953
76116,21506,7923,13583
76117,10270,5630,4640
76118,5521,4198,1323
76119,14423,7367,7056
76120,7191,2930,4261
76123,10647,8257,2390
76126,8496,6955,1541
76127,62,7,55
76129,0,0,0
76131,12313,8887,3426
76132,12711,4018,8693
76133,18264,11429,6835
76134,8320,4945,3375
76135,8152,5553,2599
76137,19982,12301,7681
76140,9606,6639,2967
76148,7775,6241,1534
76155,2888,0,2888
76164,4379,2498,1881
76177,3618,2162,1456
76179,19425,14576,4849
76180,14390,6840,7550
76182,11071,9102,1969
76201,9927,1969,7958
76205,7548,2746,4802
76207,5431,3445,1986
76208,8036,5212,2824
76209,9122,4285,4837
76210,14656,11295,3361
76225,1056,831,225
76226,8292,7575,717
76227,10543,8279,2264
76228,355,302,53
76230,4111,2947,1164
76233,1201,908,293
76234,5895,4478,1417
76238,151,112,39
76239,514,404,110
76240,10822,6693,4129
76244,24115,19027,5088
76245,812,661,151
76247,4246,3449,797
76248,12983,10497,2486
76249,2852,2218,634
76250,404,353,51
76251,267,201,66
76252,1052,807,245
76253,96,69,27
76255,2294,1572,722
76258,2643,1813,830
76259,1861,1385,476
76261,100,76,24
76262,12350,9625,2725
76263,53,27,26
76264,650,468,182
76265,641,496,145
76266,5365,4118,1247
76268,98,71,27
76270,649,457,192
76271,591,481,110
76272,1550,1269,281
76273,3579,2706,873
76301,6485,3050,3435
76302,4980,2922,2058
76305,1849,1605,244
76306,5744,3443,2301
76308,8048,4700,3348
76309,5186,3285,1901
76310,7214,4989,2225
76311,635,6,629
76351,839,609,230
76354,4883,3305,1578
76357,224,178,46
76360,1609,1120,489
76363,157,135,22
76364,60,40,20
76365,1784,1407,377
76366,722,568,154
76367,3672,3037,635
76370,119,107,12
76371,544,451,93
76372,446,321,125
76373,83,83,0
76374,1648,1207,441
76377,317,292,25
76379,176,135,41
76380,1492,1069,423
76384,5029,3149,1880
76388,103,81,22
76389,497,415,82
76401,10265,5949,4316
76402,0,0,0
76424,3016,2440,576
76426,4205,2784,1421
76427,294,189,105
76429,79,38,41
76430,888,749,139
76431,1174,943,231
76432,503,454,49
76433,567,508,59
76435,194,180,14
76436,88,75,13
76437,2077,1618,459
76442,2940,2361,579
76443,932,725,207
76444,1513,1155,358
76445,108,101,7
76446,2696,2173,523
76448,1894,1420,474
76449,978,811,167
76450,5071,4115,956
76452,26,12,14
76453,569,516,53
76454,551,397,154
76455,349,299,50
76457,1318,972,346
76458,2012,1673,339
76459,106,100,6
76460,134,110,24
76462,1140,1030,110
76463,183,161,22
76464,233,174,59
76466,146,92,54
76469,37,37,0
76470,1195,851,344
76471,685,585,100
76472,717,548,169
76474,97,88,9
76475,334,257,77
76476,989,866,123
76481,54,36,18
76483,485,318,167
76484,375,298,77
76486,468,400,68
76487,1034,886,148
76490,45,40,5
76491,141,125,16
76501,6236,3836,2400
76502,14826,9975,4851
76504,8929,3566,5363
76508,0,0,0
76511,736,559,177
76513,13268,8901,4367
76518,543,465,78
76519,115,106,9
76520,2944,1963,981
76522,13561,7817,5744
76523,0,0,0
76524,1038,918,120
76525,437,335,102
76527,1233,848,385
76528,6123,4432,1691
76530,740,543,197
76531,1928,1647,281
76534,961,684,277
76537,1805,1360,445
76538,303,220,83
76539,3132,2743,389
76541,7762,2164,5598
76542,17384,9806,7578
76543,11899,4303,7596
76544,3793,42,3751
76548,10363,6319,4044
76549,17267,8670,8597
76550,4950,3544,1406
76554,714,523,191
76556,542,452,90
76557,1854,1543,311
76559,2062,1125,937
76561,400,298,102
76565,41,41,0
76566,124,87,37
76567,3723,2256,1467
76569,792,604,188
76570,848,668,180
76571,2693,2251,442
76573,9,4,5
76574,6531,4284,2247
76577,1194,898,296
76578,456,379,77
76579,1524,1172,352
76596,0,0,0
76597,0,0,0
76598,0,0,0
76599,0,0,0
76621,334,292,42
76622,400,307,93
76623,56,51,5
76624,734,535,199
76626,423,312,111
76627,521,476,45
76628,19,17,2
76629,714,459,255
76630,390,344,46
76631,181,154,27
76632,531,429,102
76633,1867,1637,230
76634,2847,2211,636
76635,403,315,88
76636,556,460,96
76637,239,189,50
76638,1125,957,168
76639,584,387,197
76640,1220,865,355
76641,646,507,139
76642,2408,1780,628
76643,5164,3813,1351
76645,3606,2188,1418
76648,1003,741,262
76649,261,232,29
76650,54,46,8
76651,1237,838,399
76652,499,434,65
76653,440,352,88
76654,55,50,5
76655,3024,2550,474
76656,722,575,147
76657,3443,2425,1018
76660,175,136,39
76661,2293,1420,873
76664,1262,953,309
76665,981,666,315
76666,118,101,17
76667,3704,2699,1005
76670,499,391,108
76671,734,592,142
76673,478,354,124
76676,106,97,9
76678,74,33,41
76679,526,455,71
76680,99,99,0
76681,258,196,62
76682,1020,762,258
76685,20,6,14
76686,88,65,23
76687,749,591,158
76689,1277,1053,224
76690,371,253,118
76691,2366,1819,547
76692,4116,3202,914
76693,540,329,211
76701,724,143,581
76704,3173,1068,2105
76705,10477,6051,4426
76706,13206,5207,7999
76707,5015,2367,2648
76708,9550,5712,3838
76710,10653,5212,5441
76711,3265,1729,1536
76712,9922,6939,2983
76798,0,0,0
76801,9155,6216,2939
76802,1900,1429,471
76820,75,64,11
76821,1737,1257,480
76823,1105,937,168
76824,11,0,11
76825,2658,1915,743
76827,159,138,21
76828,81,74,7
76831,19,19,0
76832,219,142,77
76834,2243,1551,692
76836,12,12,0
76837,595,379,216
76841,17,17,0
76842,70,59,11
76844,1293,1022,271
76845,102,82,20
76848,37,37,0
76849,1650,1208,442
76852,103,83,20
76853,530,411,119
76854,157,122,35
76856,1478,1032,446
76857,746,591,155
76858,101,84,17
76859,911,562,349
76861,608,443,165
76862,73,50,23
76864,295,258,37
76865,62,55,7
76866,179,161,18
76869,36,24,12
76870,82,66,16
76871,312,240,72
76872,387,327,60
76873,22,18,4
76874,0,0,0
76875,242,181,61
76877,1469,945,524
76878,681,450,231
76882,106,94,12
76884,48,36,12
76885,101,91,10
76887,70,70,0
76888,66,53,13
76890,348,285,63
76901,11403,7688,3715
76903,11842,7112,4730
76904,14077,8066,6011
76905,4404,2845,1559
76908,0,0,0
76930,42,31,11
76932,1148,793,355
76933,565,406,159
76934,368,308,60
76935,633,607,26
76936,1105,871,234
76937,14,14,0
76939,5,5,0
76940,53,53,0
76941,548,448,100
76943,1358,968,390
76945,835,641,194
76949,0,0,0
76950,1494,999,495
76951,462,398,64
76953,68,29,39
76955,63,51,12
76957,0,0,0
76958,67,52,15
77002,3739,731,3008
77003,4544,1969,2575
77004,13036,4368,8668
77005,10118,7421,2697
77006,12862,4572,8290
77007,19602,10312,9290
77008,16262,9594,6668
77009,13848,7728,6120
77010,576,82,494
77011,5831,2610,3221
77012,5997,2387,3610
77013,5937,2280,3657
77014,11583,4940,6643
77015,17306,9056,8250
77016,9741,6017,3724
77017,9953,5254,4699
77018,11067,7683,3384
77019,10935,5643,5292
77020,8454,3827,4627
77021,10904,4227,6677
77022,9398,4282,5116
77023,9744,4465,5279
77024,15173,9987,5186
77025,12819,5310,7509
77026,7995,3288,4707
77027,9245,3108,6137
77028,5654,3168,2486
77029,5697,3398,2299
77030,4876,2028,2848
77031,6000,2700,3300
77032,4210,1535,2675
77033,8996,5609,3387
77034,12371,5410,6961
77035,14126,5962,8164
77036,26917,4951,21966
77037,5428,3855,1573
77038,8731,4787,3944
77039,7570,4674,2896
77040,17924,10000,7924
77041,11484,8618,2866
77042,19198,4805,14393
77043,9200,5381,3819
77044,13456,10217,3239
77045,10475,6930,3545
77046,678,201,477
77047,9816,7138,2678
77048,5753,3656,2097
77049,10639,7076,3563
77050,1428,1105,323
77051,6427,2604,3823
77053,8613,5572,3041
77054,12614,1950,10664
77055,15178,6626,8552
77056,11003,4695,6308
77057,19836,6544,13292
77058,8210,2354,5856
77059,5832,5301,531
77060,13837,3276,10561
77061,8664,3048,5616
77062,9601,7536,2065
77063,18455,4564,13891
77064,16364,9418,6946
77065,15104,7033,8071
77066,10650,7283,3367
77067,10187,4118,6069
77068,3940,2706,1234
77069,8020,4441,3579
77070,20053,10010,10043
77071,10040,5322,4718
77072,18096,8495,9601
77073,13140,7415,5725
77074,13181,4405,8776
77075,13042,7146,5896
77076,9816,4699,5117
77077,26605,9428,17177
77078,4672,2760,1912
77079,12159,7630,4529
77080,15243,6541,8702
77081,18656,980,17676
77082,22334,7774,14560
77083,22434,14821,7613
77084,34864,21540,13324
77085,5228,3626,1602
77086,8025,4735,3290
77087,11089,5535,5554
77088,17396,10777,6619
77089,16997,11121,5876
77090,15892,3463,12429
77091,9785,3945,5840
77092,14105,4804,9301
77093,12591,7285,5306
77094,3277,2725,552
77095,24175,18325,5850
77096,13595,6639,6956
77098,8130,2243,5887
77099,17046,6045,11001
77201,0,0,0
77301,10510,5325,5185
77302,6338,5237,1101
77303,6707,4969,1738
77304,12431,7052,5379
77306,3974,3023,951
77316,7993,6973,1020
77318,5806,4434,1372
77320,9105,5615,3490
77326,46,46,0
77327,7795,5323,2472
77328,4781,3727,1054
77331,2784,2418,366
77334,121,75,46
77335,1176,1019,157
77336,4400,3496,904
77338,14282,7733,6549
77339,15474,10077,5397
77340,10986,4319,6667
77342,0,0,0
77345,9508,8421,1087
77346,20953,17458,3495
77350,70,68,2
77351,12016,9107,2909
77354,12171,9903,2268
77355,9386,7905,1481
77356,11315,9241,2074
77357,7659,5613,2046
77358,1824,1358,466
77359,171,171,0
77360,2210,1739,471
77362,1733,1519,214
77363,1310,1110,200
77364,818,711,107
77365,11176,8444,2732
77367,67,38,29
77368,68,68,0
77369,238,215,23
77371,2510,1888,622
77372,4222,3199,1023
77373,19975,14203,5772
77374,173,128,45
77375,17002,12041,4961
77376,249,249,0
77377,11950,9926,2024
77378,5157,3844,1313
77379,27041,21184,5857
77380,11686,4732,6954
77381,14137,10611,3526
77382,13204,9553,3651
77384,7163,4588,2575
77385,8600,6833,1767
77386,17158,13022,4136
77388,16553,12627,3926
77389,11245,9019,2226
77396,17960,10401,7559
77401,7008,5809,1199
77406,15096,13113,1983
77407,15337,12906,2431
77412,12,12,0
77414,8646,5191,3455
77415,17,17,0
77417,1018,651,367
77418,4115,3030,1085
77419,433,398,35
77420,906,711,195
77422,4834,3896,938
77423,3592,2724,868
77426,781,556,225
77428,0,0,0
77429,28386,24171,4215
77430,784,696,88
77432,37,15,22
77433,24884,21226,3658
77434,1624,1233,391
77435,1545,1265,280
77436,13,13,0
77437,6137,3979,2158
77440,23,0,23
77441,3670,3548,122
77442,361,313,48
77443,53,53,0
77444,245,178,67
77445,4579,2463,2116
77446,719,130,589
77447,4842,4009,833
77448,71,17,54
77449,34991,24254,10737
77450,24841,17443,7398
77451,25,23,2
77453,98,41,57
77454,15,15,0
77455,794,702,92
77456,596,511,85
77457,199,190,9
77458,61,36,25
77459,21874,18419,3455
77460,20,10,10
77461,3840,2984,856
77464,76,44,32
77465,2691,2180,511
77466,167,94,73
77467,13,0,13
77468,20,20,0
77469,15544,11270,4274
77470,179,144,35
77471,13055,7258,5797
77473,31,10,21
77474,4507,3431,1076
77475,335,335,0
77476,71,61,10
77477,13101,6057,7044
77478,9295,7093,2202
77479,28469,23961,4508
77480,2933,2401,532
77481,8,2,6
77482,912,777,135
77483,79,24,55
77484,3679,2779,900
77485,1494,1027,467
77486,2673,2071,602
77488,5379,3301,2078
77489,11963,9010,2953
77493,9817,7868,1949
77494,35342,27491,7851
77498,15216,11111,4105
77502,10803,6580,4223
77503,7910,4074,3836
77504,8697,3534,5163
77505,8300,5603,2697
77506,10954,4395,6559
77507,0,0,0
77510,5374,4210,1164
77511,16252,11372,4880
77514,1778,1435,343
77515,10939,7369,3570
77517,1767,1682,85
77518,3631,2239,1392
77519,405,392,13
77520,12442,7001,5441
77521,19650,12189,7461
77523,6874,5951,923
77530,9249,6184,3065
77531,5969,3223,2746
77532,10387,8240,2147
77533,301,192,109
77534,847,710,137
77535,9885,7885,2000
77536,10874,8247,2627
77538,336,309,27
77539,15579,11217,4362
77541,6479,3787,2692
77545,7192,5974,1218
77546,17894,13999,3895
77547,2624,1634,990
77550,9837,4200,5637
77551,8425,3390,5035
77554,3733,2424,1309
77560,235,223,12
77561,39,39,0
77562,3676,2859,817
77563,4015,2849,1166
77564,637,562,75
77565,3589,1878,1711
77566,11272,7763,3509
77568,5660,3746,1914
77571,13296,9940,3356
77573,29602,22140,7462
77575,5765,4181,1584
77577,572,528,44
77578,6011,5345,666
77580,220,220,0
77581,16904,13127,3777
77583,9146,7046,2100
77584,29612,21626,7986
77585,330,296,34
77586,8824,5683,3141
77587,4615,2640,1975
77590,11086,6610,4476
77591,5380,2824,2556
77597,264,225,39
77598,11012,2331,8681
77611,3188,2404,784
77612,3252,2857,395
77613,449,338,111
77614,179,141,38
77615,309,267,42
77616,305,288,17
77617,25,25,0
77619,5992,4235,1757
77622,441,372,69
77623,144,129,15
77624,288,233,55
77625,3393,2856,537
77627,8789,6225,2564
77629,265,228,37
77630,11536,7612,3924
77632,8649,7276,1373
77640,6341,3878,2463
77642,13815,7454,6361
77650,866,643,223
77651,5006,3642,1364
77655,156,137,19
77656,6076,4832,1244
77657,7666,5883,1783
77659,1709,1381,328
77660,359,317,42
77661,243,171,72
77662,9748,7934,1814
77663,574,505,69
77664,934,869,65
77665,2364,1756,608
77701,5024,2763,2261
77702,1130,565,565
77703,4984,2502,2482
77705,10775,6697,4078
77706,13034,7247,5787
77707,6714,4672,2042
77708,4867,2447,2420
77713,5751,3775,1976
77801,6126,963,5163
77802,10958,5602,5356
77803,9546,5582,3964
77807,3425,2053,1372
77808,4546,4034,512
77830,1086,948,138
77831,1218,1063,155
77833,10071,7498,2573
77835,1170,881,289
77836,4493,3607,886
77837,671,460,211
77840,21152,2707,18445
77845,23285,15568,7717
77853,459,388,71
77855,43,10,33
77856,2064,1623,441
77857,301,231,70
77859,2427,1853,574
77861,902,778,124
77864,2829,1981,848
77865,726,672,54
77867,58,51,7
77868,4589,3253,1336
77871,1153,876,277
77872,697,635,62
77873,517,397,120
77876,22,7,15
77878,125,83,42
77879,2096,1690,406
77880,512,431,81
77901,14697,7804,6893
77904,10416,7337,3079
77905,5359,4674,685
77950,77,59,18
77951,686,442,244
77954,3802,2624,1178
77957,3068,1993,1075
77960,56,56,0
77961,145,107,38
77962,1209,890,319
77963,1939,1628,311
77964,3283,2367,916
77968,1117,1016,101
77969,38,38,0
77970,131,82,49
77971,408,257,151
77973,0,0,0
77974,147,119,28
77975,680,497,183
77976,43,37,6
77977,243,163,80
77978,288,168,120
77979,6182,4375,1807
77982,289,181,108
77983,764,581,183
77984,1587,1303,284
77987,108,95,13
77988,156,142,14
77990,311,215,96
77991,75,55,20
77993,57,33,24
77994,186,151,35
77995,3767,2903,864
78001,0,0,0
78002,1857,1311,546
78003,3708,2979,729
78004,399,372,27
78005,219,219,0
78006,11466,8214,3252
78007,56,34,22
78008,176,136,40
78009,2779,2285,494
78010,1282,1037,245
78011,600,498,102
78012,130,123,7
78013,1892,1547,345
78014,1780,1208,572
78015,5019,4416,603
78016,3501,2726,775
78017,1044,557,487
78019,391,288,103
78021,73,69,4
78022,1338,996,342
78023,8931,8168,763
78024,482,368,114
78025,1804,1415,389
78026,1895,1396,499
78027,111,111,0
78028,16657,11741,4916
78029,0,0,0
78039,626,536,90
78040,11731,5171,6560
78041,14111,7586,6525
78043,12402,6961,5441
78044,116,76,40
78045,18703,14247,4456
78046,16145,11661,4484
78050,155,91,64
78052,2090,1632,458
78055,573,454,119
78056,680,589,91
78057,282,261,21
78058,450,387,63
78059,1924,1765,159
78060,31,31,0
78061,3181,2162,1019
78063,3646,3206,440
78064,5398,3885,1513
78065,3274,2426,848
78066,202,119,83
78067,207,184,23
78069,1715,1438,277
78070,5687,5164,523
78071,1062,799,263
78072,160,126,34
78073,2221,1619,602
78075,59,41,18
78076,4049,2841,1208
78101,2214,2028,186
78102,7209,4377,2832
78104,38,29,9
78107,166,79,87
78108,11655,9517,2138
78109,11721,8394,3327
78112,2170,1850,320
78113,1106,839,267
78114,7451,5825,1626
78116,88,88,0
78117,207,175,32
78118,1079,767,312
78119,1854,1349,505
78121,4327,3908,419
78122,185,151,34
78123,1101,761,340
78124,2248,1881,367
78125,34,26,8
78130,26343,16802,9541
78132,9812,8435,1377
78133,7385,5998,1387
78140,1229,795,434
78141,202,171,31
78142,45,31,14
78143,39,39,0
78144,43,19,24
78145,53,34,19
78146,163,105,58
78147,658,456,202
78148,7860,4469,3391
78150,0,0,0
78151,495,356,139
78152,657,607,50
78154,13825,9745,4080
78155,17460,12558,4902
78159,368,289,79
78160,1671,1334,337
78161,301,272,29
78162,113,90,23
78163,3738,3525,213
78164,1362,1168,194
78201,16314,7757,8557
78202,3848,1886,1962
78203,1976,948,1028
78204,4279,2440,1839
78205,949,149,800
78207,15351,7274,8077
78208,1552,539,1013
78209,17823,10239,7584
78210,12469,6700,5769
78211,9157,5890,3267
78212,10805,5150,5655
78213,16098,7803,8295
78214,7609,4380,3229
78215,1783,96,1687
78216,17177,6266,10911
78217,13786,5721,8065
78218,12458,5962,6496
78219,5785,2760,3025
78220,5381,3011,2370
78221,11535,6915,4620
78222,7472,5303,2169
78223,17808,10422,7386
78224,5692,3433,2259
78225,4174,2860,1314
78226,2457,984,1473
78227,14396,7629,6767
78228,18437,10868,7569
78229,13932,2356,11576
78230,18638,9102,9536
78231,3304,2367,937
78232,15536,8960,6576
78233,16920,9677,7243
78234,953,57,896
78235,531,0,531
78236,402,0,402
78237,11073,7099,3974
78238,8974,4147,4827
78239,9020,6539,2481
78240,23610,8391,15219
78242,8855,4981,3874
78243,0,0,0
78244,9422,6561,2861
78245,21675,14880,6795
78247,17408,13298,4110
78248,5539,4308,1231
78249,20073,11050,9023
78250,18794,14269,4525
78251,20144,11026,9118
78252,2743,2028,715
78253,12812,10359,2453
78254,17020,13622,3398
78255,4360,3822,538
78256,4114,1672,2442
78257,2754,1537,1217
78258,16079,10707,5372
78259,9101,6540,2561
78260,8692,7865,827
78261,5735,4713,1022
78263,1620,1444,176
78264,3089,2551,538
78266,2304,2201,103
78330,318,262,56
78332,9349,6089,3260
78335,0,0,0
78336,4213,2477,1736
78338,16,5,11
78339,163,127,36
78340,188,164,24
78341,808,560,248
78342,132,79,53
78343,1486,1100,386
78344,123,88,35
78349,177,170,7
78351,125,89,36
78352,111,111,0
78353,140,116,24
78355,1992,1231,761
78357,869,533,336
78358,274,171,103
78359,645,423,222
78361,1735,1262,473
78362,3641,2578,1063
78363,10459,5290,5169
78368,3242,2379,863
78369,131,95,36
78370,1575,1150,425
78371,117,82,35
78372,1597,1206,391
78373,2023,1236,787
78374,6197,4231,1966
78375,907,720,187
78376,224,138,86
78377,1245,837,408
78379,482,398,84
78380,7783,5410,2373
78382,8144,6591,1553
78383,1588,1458,130
78384,1670,897,773
78385,183,66,117
78387,3230,2199,1031
78389,538,449,89
78390,1895,1239,656
78391,73,64,9
78393,817,615,202
78401,1740,373,1367
78402,137,64,73
78404,6990,3510,3480
78405,5293,2757,2536
78406,383,276,107
78407,1043,552,491
78408,4271,1920,2351
78409,967,512,455
78410,9479,6419,3060
78411,10075,6030,4045
78412,14775,6748,8027
78413,15026,8343,6683
78414,14416,9235,5181
78415,13442,7997,5445
78416,5091,3044,2047
78417,1328,927,401
78418,12273,7499,4774
78419,161,0,161
78501,20913,10936,9977
78503,6390,4010,2380
78504,17936,12369,5567
78516,9539,7184,2355
78520,17963,10852,7111
78521,25264,14873,10391
78526,12619,9236,3383
78535,217,136,81
78536,93,80,13
78537,12137,9321,2816
78538,3091,2306,785
78539,11164,6432,4732
78541,12817,6879,5938
78542,16670,12762,3908
78543,2491,1770,721
78545,162,136,26
78548,180,172,8
78549,254,221,33
78550,16638,8652,7986
78552,12117,9515,2602
78557,3523,2590,933
78558,206,158,48
78559,3945,2893,1052
78560,1354,890,464
78561,175,132,43
78562,793,600,193
78563,78,61,17
78564,45,0,45
78565,51,28,23
78566,4881,3548,1333
78567,156,142,14
78569,1233,1045,188
78570,9060,6541,2519
78572,24134,16812,7322
78573,9920,6680,3240
78574,15443,11867,3576
78575,3445,2669,776
78576,2717,2036,681
78577,21609,13211,8398
78578,4233,2860,1373
78579,1293,1077,216
78580,3726,2560,1166
78582,10702,7968,2734
78583,2635,2218,417
78584,4955,3518,1437
78585,94,94,0
78586,15758,12230,3528
78588,57,41,16
78589,10768,8362,2406
78590,82,82,0
78591,99,78,21
78592,259,196,63
78593,1528,1060,468
78594,552,474,78
78595,1707,1334,373
78596,18821,13530,5291
78597,1527,1030,497
78598,45,45,0
78602,8931,6787,2144
78605,1991,1674,317
78606,2029,1618,411
78607,32,24,8
78608,192,118,74
78609,877,679,198
78610,12084,9203,2881
78611,4743,3473,1270
78612,3919,3299,620
78613,26122,18193,7929
78614,237,184,53
78615,398,314,84
78616,2468,1775,693
78617,6501,4986,1515
78618,127,112,15
78619,1556,1440,116
78620,5805,5014,791
78621,6957,5235,1722
78622,79,72,7
78623,353,303,50
78624,8978,6322,2656
78626,10458,7055,3403
78628,11546,8199,3347
78629,4284,2733,1551
78631,1084,901,183
78632,402,362,40
78633,11702,10896,806
78634,9300,7549,1751
78635,128,94,34
78636,1571,1151,420
78638,892,734,158
78639,3306,2492,814
78640,17378,12415,4963
78641,20060,16377,3683
78642,3639,3164,475
78643,2253,1777,476
78644,6000,3910,2090
78645,4634,3749,885
78648,2964,1961,1003
78650,506,376,130
78652,2169,1369,800
78653,6846,5772,1074
78654,6978,4959,2019
78655,1053,824,229
78656,712,362,350
78657,2565,2194,371
78659,970,893,77
78660,29945,22182,7763
78661,136,101,35
78662,863,741,122
78663,340,287,53
78664,20075,11105,8970
78665,14639,10610,4029
78666,28183,10278,17905
78669,4459,3912,547
78670,51,40,11
78671,354,325,29
78672,571,519,52
78675,137,126,11
78676,5476,4588,888
78677,8,8,0
78681,17105,13118,3987
78701,5571,1956,3615
78702,9287,4188,5099
78703,9479,5134,4345
78704,24115,8530,15585
78705,8559,902,7657
78712,0,0,0
78717,10347,6128,4219
78719,447,338,109
78721,4278,2273,2005
78722,3107,1385,1722
78723,13000,5890,7110
78724,6458,3978,2480
78725,2620,2155,465
78726,5520,2456,3064
78727,13242,6546,6696
78728,9997,2665,7332
78729,12483,5292,7191
78730,3810,2283,1527
78731,12458,7251,5207
78732,5831,4403,1428
78733,2923,2594,329
78734,7424,5971,1453
78735,7352,3760,3592
78736,3278,2624,654
78737,5341,4889,452
78738,5977,4333,1644
78739,6476,6127,349
78741,21474,3309,18165
78742,256,148,108
78744,14857,6783,8074
78745,26330,11701,14629
78746,10867,7516,3351
78747,6558,4978,1580
78748,19385,11720,7665
78749,15428,9615,5813
78750,11724,7381,4343
78751,7605,2297,5308
78752,8188,2237,5951
78753,20121,7309,12812
78754,8192,4255,3937
78756,4336,2026,2310
78757,10720,5789,4931
78758,19976,5761,14215
78759,20454,9308,11146
78801,7193,5196,1997
78802,79,79,0
78827,412,304,108
78828,30,30,0
78829,306,244,62
78830,259,215,44
78832,1170,868,302
78833,528,409,119
78834,2555,1792,763
78836,70,70,0
78837,101,92,9
78838,83,83,0
78839,2672,1861,811
78840,15257,9585,5672
78843,35,0,35
78850,397,374,23
78851,22,19,3
78852,15970,10503,5467
78860,23,23,0
78861,3842,2813,1029
78870,289,187,102
78871,24,24,0
78872,544,386,158
78873,738,621,117
78877,255,181,74
78879,61,55,6
78880,586,468,118
78881,696,570,126
78883,140,131,9
78884,430,376,54
78885,31,29,2
78886,149,120,29
78931,110,110,0
78932,181,132,49
78933,540,420,120
78934,2196,1640,556
78935,394,384,10
78938,126,96,30
78940,867,790,77
78941,1010,851,159
78942,2979,2068,911
78943,111,111,0
78944,247,235,12
78945,3941,3013,928
78946,484,353,131
78947,1715,1482,233
78948,303,272,31
78949,206,184,22
78950,762,721,41
78951,0,0,0
78953,400,327,73
78954,518,480,38
78956,1828,1398,430
78957,3537,2714,823
78959,690,559,131
78962,2076,1741,335
78963,356,348,8
79001,76,62,14
79003,70,45,25
79005,588,445,143
79007,4704,3609,1095
79009,599,361,238
79010,172,110,62
79011,92,67,25
79012,526,476,50
79013,1046,626,420
79014,1310,832,478
79015,7723,5033,2690
79016,0,0,0
79018,158,80,78
79019,652,518,134
79021,52,19,33
79022,3369,2193,1176
79024,176,131,45
79025,24,13,11
79027,1601,838,763
79029,4892,3165,1727
79031,507,370,137
79032,22,16,6
79033,37,15,22
79034,211,158,53
79035,1707,1209,498
79036,1764,1642,122
79039,366,307,59
79040,575,355,220
79041,1105,788,317
79042,425,315,110
79043,466,290,176
79044,305,118,187
79045,6156,3905,2251
79046,249,173,76
79051,0,0,0
79052,427,338,89
79053,41,25,16
79054,249,190,59
79056,28,23,5
79057,524,358,166
79058,0,0,0
79059,264,208,56
79061,150,99,51
79062,55,43,12
79063,242,207,35
79064,873,581,292
79065,7325,5456,1869
79068,1264,1014,250
79070,3317,2402,915
79072,8584,4985,3599
79078,97,89,8
79079,1156,655,501
79080,206,171,35
79081,1339,1034,305
79082,85,78,7
79083,718,568,150
79084,784,610,174
79085,12,12,0
79086,713,525,188
79087,255,192,63
79088,1843,1261,582
79091,43,43,0
79092,345,302,43
79093,52,52,0
79094,17,17,0
79095,948,729,219
79096,816,582,234
79097,319,297,22
79098,143,126,17
79101,1164,108,1056
79102,4183,1943,2240
79103,3980,2830,1150
79104,2400,1491,909
79105,0,0,0
79106,11422,5633,5789
79107,11349,6692,4657
79108,4256,3247,1009
79109,18257,10893,7364
79110,6911,4798,2113
79111,576,14,562
79118,7768,6220,1548
79119,6349,4683,1666
79121,2579,1723,856
79124,3402,2847,555
79201,2250,1326,924
79220,91,38,53
79225,362,275,87
79226,1096,823,273
79227,569,478,91
79229,143,123,20
79230,42,39,3
79231,26,0,26
79233,58,33,25
79234,14,14,0
79235,1389,1050,339
79236,87,34,53
79237,188,137,51
79239,100,59,41
79240,12,5,7
79241,878,586,292
79243,32,18,14
79244,301,195,106
79245,982,599,383
79247,25,24,1
79248,665,422,243
79250,499,361,138
79251,10,10,0
79252,1176,848,328
79255,234,153,81
79256,131,87,44
79257,393,324,69
79258,20,20,0
79259,26,26,0
79261,166,108,58
79311,1264,868,396
79312,362,264,98
79313,552,371,181
79314,29,23,6
79316,3589,2410,1179
79322,742,548,194
79323,2197,1799,398
79324,11,11,0
79325,842,606,236
79326,46,46,0
79329,1122,874,248
79330,31,22,9
79331,4156,2951,1205
79336,5980,4088,1892
79339,2304,1526,778
79342,141,69,72
79343,536,339,197
79344,15,8,7
79345,342,277,65
79346,790,618,172
79347,2219,1742,477
79350,139,99,40
79351,493,330,163
79353,10,2,8
79355,646,459,187
79356,1585,1018,567
79357,759,549,210
79358,408,323,85
79359,845,589,256
79360,4575,3633,942
79363,1913,1394,519
79364,3017,2109,908
79366,444,402,42
79367,237,171,66
79369,54,54,0
79370,599,458,141
79371,537,431,106
79372,431,327,104
79373,1137,754,383
79376,18,18,0
79377,85,64,21
79378,100,83,17
79379,177,138,39
79380,53,39,14
79381,507,384,123
79382,2532,1830,702
79401,3321,330,2991
79403,5766,3463,2303
79404,3299,1903,1396
79406,0,0,0
79407,9145,4177,4968
79410,3939,1468,2471
79411,3230,1156,2074
79412,5582,2823,2759
79413,8539,5002,3537
79414,7834,3232,4602
79415,6257,2380,3877
79416,13048,6423,6625
79423,14434,9979,4455
79424,18627,12940,5687
79501,1093,788,305
79502,536,400,136
79503,48,37,11
79504,1127,921,206
79505,106,81,25
79506,388,324,64
79508,528,429,99
79510,2782,2313,469
79511,471,410,61
79512,2115,1615,500
79517,88,69,19
79518,17,17,0
79519,27,27,0
79520,916,684,232
79521,1301,987,314
79525,998,758,240
79526,408,335,73
79527,80,69,11
79528,302,208,94
79529,493,425,68
79530,213,185,28
79532,257,215,42
79533,160,113,47
79534,40,34,6
79535,79,78,1
79536,1879,1462,417
79537,19,19,0
79538,105,98,7
79539,81,66,15
79540,32,32,0
79541,336,260,76
79543,449,358,91
79544,219,163,56
79545,674,563,111
79546,778,506,272
79547,311,230,81
79548,64,52,12
79549,5379,4088,1291
79553,1573,1094,479
79556,4651,3001,1650
79560,88,61,27
79561,273,202,71
79562,1295,1208,87
79563,399,290,109
79565,82,75,7
79566,162,129,33
79567,1202,757,445
79601,7611,3522,4089
79602,8197,6013,2184
79603,8364,5178,3186
79605,11114,5952,5162
79606,10108,5470,4638
79607,628,0,628
79699,0,0,0
79701,9656,6534,3122
79703,7646,5272,2374
79705,14442,9858,4584
79706,7795,6027,1768
79707,14550,8718,5832
79713,165,120,45
79714,5508,4024,1484
79718,311,213,98
79719,162,123,39
79720,10540,6925,3615
79730,89,82,7
79731,1411,1207,204
79733,69,42,27
79734,990,830,160
79735,3825,2676,1149
79738,106,75,31
79739,363,256,107
79741,115,97,18
79742,178,148,30
79743,107,60,47
79744,459,354,105
79745,2289,1872,417
79748,70,62,8
79749,113,81,32
79752,839,629,210
79754,33,21,12
79755,58,23,35
79756,3303,2311,992
79758,768,621,147
79759,8,8,0
79761,11322,7079,4243
79762,15683,8757,6926
79763,11703,7885,3818
79764,7205,5393,1812
79765,5272,3785,1487
79766,1788,1445,343
79770,19,19,0
79772,3282,2321,961
79777,81,41,40
79778,400,300,100
79780,102,73,29
79781,109,86,23
79782,1297,995,302
79783,84,72,12
79785,27,27,0
79788,200,154,46
79789,259,203,56
79821,1905,1419,486
79830,3284,1858,1426
79831,4,4,0
79834,85,5,80
79835,3063,1988,1075
79836,1686,1294,392
79837,140,85,55
79838,1917,1189,728
79839,432,347,85
79842,206,151,55
79843,837,525,312
79845,1761,878,883
79846,17,0,17
79847,81,36,45
79848,365,312,53
79849,3352,2417,935
79851,176,100,76
79852,363,267,96
79853,676,541,135
79854,57,17,40
79855,659,456,203
79901,3835,437,3398
79902,8050,3197,4853
79903,6067,3412,2655
79904,11006,4495,6511
79905,7683,3941,3742
79906,1189,0,1189
79907,16483,9790,6693
79908,854,0,854
79911,1947,1553,394
79912,28539,15233,13306
79915,12274,7196,5078
79916,6,0,6
79920,0,0,0
79922,2611,2231,380
79924,19824,12469,7355
79925,14669,7608,7061
79927,11119,8458,2661
79928,15201,12730,2471
79930,10279,5015,5264
79932,8986,6547,2439
79934,8917,5977,2940
79935,6155,3471,2684
79936,35120,23975,11145
79938,22438,16749,5689
79942,10,10,0
80002,8239,4527,3712
80003,14420,10025,4395
80004,14964,10214,4750
80005,11176,9740,1436
80007,4282,4074,208
80010,13626,4772,8854
80011,16257,8436,7821
80012,18764,8524,10240
80013,24994,18770,6224
80014,17923,10168,7755
80015,22408,18271,4137
80016,18354,14345,4009
80017,12839,7210,5629
80018,3954,3377,577
80019,981,737,244
80020,19398,14008,5390
80021,14477,7771,6706
80022,14395,9865,4530
80023,8047,6665,1382
80024,109,70,39
80025,99,80,19
80026,12041,8716,3325
80027,12775,8496,4279
80030,6238,3303,2935
80031,13445,9727,3718
80033,11747,5989,5758
80045,561,0,561
80101,170,141,29
80102,2000,1684,316
80103,940,800,140
80104,10894,8293,2601
80105,465,399,66
80106,1870,1756,114
80107,4453,4049,404
80108,9477,7928,1549
80109,7470,6328,1142
80110,9281,5106,4175
80111,12652,7989,4663
80112,13369,7951,5418
80113,10395,5769,4626
80116,1474,1313,161
80117,1157,1020,137
80118,2512,2335,177
80120,13702,7846,5856
80121,7346,6194,1152
80122,12595,10701,1894
80123,19433,13884,5549
80124,8568,5128,3440
80125,3770,3655,115
80126,15497,13091,2406
80127,16509,14467,2042
80128,14054,11597,2457
80129,11164,8383,2781
80130,9942,7536,2406
80131,124,95,29
80132,7106,6438,668
80133,1012,744,268
80134,23450,18996,4454
80135,1449,1276,173
80136,1674,1533,141
80137,427,305,122
80138,11499,9649,1850
80202,8947,2576,6371
80203,14409,2886,11523
80204,13220,4482,8738
80205,14516,6316,8200
80206,13093,6084,7009
80207,10220,6859,3361
80209,13496,6753,6743
80210,15206,9255,5951
80211,16390,8553,7837
80212,9059,5736,3323
80214,11905,4122,7783
80215,8357,4956,3401
80216,3951,1444,2507
80218,11445,3722,7723
80219,21560,11455,10105
80220,15989,9359,6630
80221,13925,8683,5242
80222,10811,5137,5674
80223,7781,3965,3816
80224,8252,4540,3712
80226,13492,7715,5777
80227,15087,9368,5719
80228,14252,9346,4906
80229,17975,11066,6909
80230,4157,2349,1808
80231,16988,5781,11207
80232,9232,6691,2541
80233,17057,10090,6967
80234,10667,6376,4291
80235,3627,1899,1728
80236,6417,3729,2688
80237,10470,5048,5422
80238,7138,5404,1734
80239,12013,7102,4911
80241,11484,8728,2756
80246,7495,1434,6061
80247,14334,5506,8828
80249,9492,7504,1988
80260,11833,6964,4869
80264,0,0,0
80290,0,0,0
80293,0,0,0
80294,0,0,0
80301,11504,7179,4325
80302,11888,4581,7307
80303,11183,5004,6179
80304,11286,7686,3600
80305,7065,4296,2769
80310,68,0,68
80401,16494,11107,5387
80403,8036,6733,1303
80419,0,0,0
80420,359,236,123
80421,3753,3182,571
80422,1965,1774,191
80423,48,43,5
80424,3136,2050,1086
80425,87,87,0
80426,52,49,3
80427,458,158,300
80428,284,256,28
80432,100,87,13
80433,3537,3066,471
80434,23,23,0
80435,2122,1570,552
80436,273,231,42
80438,284,218,66
80439,10056,8626,1430
80440,1017,729,288
80442,715,326,389
80443,1748,1058,690
80444,650,382,268
80446,1697,1175,522
80447,883,793,90
80448,55,17,38
80449,379,374,5
80451,307,188,119
80452,1569,1073,496
80453,75,42,33
80454,529,504,25
80455,257,168,89
80456,311,268,43
80457,139,43,96
80459,948,635,313
80461,3258,1999,1259
80463,86,76,10
80465,6085,5515,570
80466,1611,1036,575
80467,978,692,286
80468,188,141,47
80469,196,112,84
80470,1314,1234,80
80471,0,0,0
80473,2,2,0
80475,30,0,30
80476,92,58,34
80477,70,61,9
80478,541,439,102
80479,5,5,0
80480,550,385,165
80481,256,231,25
80482,515,283,232
80483,255,190,65
80487,6752,4787,1965
80488,51,0,51
80497,128,116,12
80498,2573,1622,951
80501,16475,8654,7821
80503,13345,9165,4180
80504,18789,15433,3356
80510,158,120,38
80511,0,0,0
80512,822,792,30
80513,4780,4054,726
80514,1874,1289,585
80515,442,391,51
80516,8991,7850,1141
80517,4813,3150,1663
80520,499,354,145
80521,13145,4908,8237
80524,14622,9749,4873
80525,21710,13115,8595
80526,18495,10499,7996
80528,7367,5783,1584
80530,1606,1367,239
80532,107,107,0
80534,5847,5107,740
80535,1170,803,367
80536,1035,941,94
80537,18153,11605,6548
80538,19281,13581,5700
80540,1800,1496,304
80542,1539,1493,46
80543,2531,2234,297
80544,57,57,0
80545,444,423,21
80546,122,122,0
80547,662,618,44
80549,3880,3428,452
80550,10092,8384,1708
80601,12547,7973,4574
80602,10917,10180,737
80603,4526,3906,620
80610,1165,798,367
80611,339,245,94
80612,157,131,26
80615,2868,2232,636
80620,6490,3951,2539
80621,4333,3264,1069
80622,54,35,19
80623,326,254,72
80624,411,248,163
80631,17458,8365,9093
80634,22059,15766,6293
80640,3526,2841,685
80642,1387,1083,304
80643,1322,1130,192
80644,1072,729,343
80645,1526,1089,437
80648,454,403,51
80649,146,85,61
80650,628,519,109
80651,1535,1201,334
80652,197,145,52
80653,335,257,78
80654,989,731,258
80701,5892,3696,2196
80705,437,253,184
80720,1107,756,351
80721,120,84,36
80722,110,60,50
80723,2802,1769,1033
80726,201,149,52
80727,216,86,130
80728,410,321,89
80729,250,169,81
80731,536,430,106
80733,216,160,56
80734,1125,747,378
80735,121,67,54
80736,218,178,40
80737,703,468,235
80740,51,33,18
80741,383,269,114
80742,106,80,26
80743,475,313,162
80744,188,161,27
80745,105,81,24
80746,27,25,2
80747,148,122,26
80749,126,99,27
80750,99,56,43
80751,6603,3859,2744
80754,71,50,21
80755,35,16,19
80757,100,53,47
80758,1415,831,584
80759,1985,1348,637
80801,56,46,10
80802,89,60,29
80804,120,83,37
80805,167,154,13
80807,1827,1223,604
80808,2177,1591,586
80809,563,467,96
80810,474,348,126
80812,108,95,13
80813,779,429,350
80814,1467,1256,211
80815,348,269,79
80816,2639,2299,340
80817,10252,6966,3286
80818,153,137,16
80819,409,267,142
80820,353,353,0
80821,400,309,91
80822,95,75,20
80823,56,40,16
80824,100,75,25
80825,152,115,37
80827,315,315,0
80828,737,441,296
80829,2681,1555,1126
80830,95,70,25
80831,8158,7056,1102
80832,290,248,42
80833,283,233,50
80834,140,103,37
80835,344,216,128
80836,450,248,202
80840,558,0,558
80860,326,230,96
80861,90,84,6
80862,21,21,0
80863,5118,4129,989
80864,527,400,127
80902,2995,12,2983
80903,7027,2645,4382
80904,10247,5662,4585
80905,7407,3637,3770
80906,15011,9428,5583
80907,12645,7040,5605
80908,6050,5624,426
80909,16284,7882,8402
80910,11656,4799,6857
80911,11573,9527,2046
80913,12,0,12
80914,22,0,22
80915,8052,5269,2783
80916,14121,7026,7095
80917,12880,7385,5495
80918,18774,11228,7546
80919,11208,8388,2820
80920,13793,9994,3799
80921,8151,6281,1870
80922,9733,7266,2467
80923,10310,7550,2760
80924,2653,1953,700
80925,3298,2744,554
80926,666,522,144
80927,1071,931,140
80928,438,340,98
80929,87,60,27
80930,701,266,435
80938,28,28,0
80939,0,0,0
80951,1459,1071,388
81001,12042,6056,5986
81003,5691,2500,3191
81004,10807,5435,5372
81005,12595,9045,3550
81006,4424,3679,745
81007,11365,9344,2021
81008,4317,2833,1484
81019,525,364,161
81020,402,272,130
81021,9,5,4
81022,558,470,88
81023,517,475,42
81024,116,101,15
81025,310,237,73
81027,85,56,29
81029,110,63,47
81030,60,47,13
81033,84,56,28
81036,423,340,83
81038,0,0,0
81039,740,481,259
81040,208,199,9
81041,292,195,97
81043,25,16,9
81044,121,89,32
81045,30,29,1
81047,593,409,184
81049,125,88,37
81050,3950,2227,1723
81052,3791,2345,1446
81054,1312,812,500
81055,739,553,186
81057,213,132,81
81058,430,312,118
81059,49,37,12
81062,310,230,80
81063,578,431,147
81064,114,85,29
81067,2313,1559,754
81069,835,775,60
81071,131,69,62
81073,854,629,225
81076,201,129,72
81077,271,200,71
81081,47,42,5
81082,5410,3677,1733
81084,48,21,27
81087,56,36,20
81089,2187,1452,735
81090,463,348,115
81091,245,198,47
81092,364,288,76
81101,5824,3206,2618
81120,945,689,256
81121,155,130,25
81122,3578,2866,712
81123,344,241,103
81124,80,68,12
81125,1207,718,489
81126,134,119,15
81128,47,40,7
81129,51,40,11
81130,367,324,43
81131,665,551,114
81132,1274,991,283
81133,514,374,140
81136,94,64,30
81137,2126,1509,617
81138,42,18,24
81140,838,654,184
81141,478,408,70
81143,329,278,51
81144,2661,1620,1041
81146,237,155,82
81147,5375,3975,1400
81148,117,105,12
81149,371,276,95
81151,599,513,86
81152,602,394,208
81154,519,425,94
81155,124,106,18
81201,4115,3227,888
81210,152,125,27
81211,2912,2159,753
81212,11355,8171,3184
81220,78,78,0
81221,130,113,17
81222,201,155,46
81223,732,649,83
81224,1331,805,526
81225,584,390,194
81226,2493,1856,637
81227,6,6,0
81230,4105,2331,1774
81231,0,0,0
81232,17,17,0
81233,417,348,69
81235,345,241,104
81236,691,550,141
81237,23,23,0
81239,45,45,0
81240,1524,1294,230
81241,45,44,1
81242,238,165,73
81243,46,46,0
81244,200,179,21
81248,58,58,0
81251,95,86,9
81252,1885,1591,294
81253,186,186,0
81301,12247,8132,4115
81303,3207,2331,876
81320,95,95,0
81321,6026,4064,1962
81323,1846,1465,381
81324,517,439,78
81325,111,95,16
81326,804,694,110
81327,216,197,19
81328,1837,1415,422
81330,44,0,44
81331,153,145,8
81332,86,49,37
81334,536,299,237
81335,13,0,13
81401,9728,6189,3539
81403,4199,3503,696
81410,639,463,176
81411,30,26,4
81413,2074,1639,435
81415,578,505,73
81416,5202,3347,1855
81418,674,478,196
81419,1664,1214,450
81422,314,192,122
81423,644,445,199
81424,470,365,105
81425,2051,1489,562
81426,56,44,12
81427,514,356,158
81428,1393,1089,304
81429,20,20,0
81430,366,328,38
81431,189,166,23
81432,1397,946,451
81433,252,168,84
81434,99,59,40
81435,2317,1214,1103
81501,9797,4057,5740
81503,6378,4530,1848
81504,11420,8167,3253
81505,4459,3135,1324
81506,5241,3279,1962
81507,6220,5369,851
81520,5301,3375,1926
81521,6260,4460,1800
81522,65,65,0
81523,465,465,0
81524,743,600,143
81525,491,319,172
81526,2265,1649,616
81527,811,698,113
81601,5916,3765,2151
81610,132,93,39
81611,4268,2632,1636
81612,0,0,0
81615,1255,710,545
81620,3399,1966,1433
81621,2461,1690,771
81623,5569,3884,1685
81624,458,360,98
81625,4945,3366,1579
81630,353,268,85
81631,2459,1934,525
81632,3235,2444,791
81633,0,0,0
81635,2529,1561,968
81637,2500,1910,590
81638,50,36,14
81639,923,601,322
81640,75,41,34
81641,1473,1009,464
81642,0,0,0
81643,272,205,67
81645,388,221,167
81646,63,47,16
81647,2489,1878,611
81648,900,650,250
81649,120,82,38
81650,4670,3254,1416
81652,1791,1240,551
81653,16,8,8
81654,434,372,62
81655,15,0,15
81656,98,98,0
81657,2330,1567,763
82001,15348,9254,6094
82005,0,0,0
82007,8202,5389,2813
82009,13653,11146,2507
82050,90,69,21
82051,22,5,17
82052,6,6,0
82053,442,322,120
82054,356,251,105
82055,151,132,19
82058,22,22,0
82059,109,109,0
82060,191,191,0
82061,0,0,0
82063,122,50,72
82070,8540,4683,3857
82072,7057,2955,4102
82073,0,0,0
82081,42,42,0
82082,760,573,187
82083,116,77,39
82084,7,7,0
82190,193,0,193
82201,2922,2169,753
82210,221,136,85
82212,239,205,34
82213,248,219,29
82214,563,403,160
82215,63,43,20
82217,19,9,10
82219,5,5,0
82221,156,92,64
82222,18,18,0
82223,464,376,88
82224,6,6,0
82225,756,551,205
82227,115,106,9
82229,1,1,0
82240,4055,2950,1105
82242,18,18,0
82243,45,30,15
82244,206,162,44
82301,3542,2364,1178
82321,245,165,80
82322,57,51,6
82323,66,44,22
82324,118,74,44
82325,454,362,92
82327,348,230,118
82329,205,142,63
82331,1016,723,293
82332,69,34,35
82334,206,152,54
82335,29,29,0
82336,81,40,41
82401,3155,2406,749
82410,814,607,207
82411,155,105,50
82412,194,177,17
82414,6520,4780,1740
82420,315,247,68
82421,128,111,17
82422,6,6,0
82423,68,48,20
82426,1088,806,282
82428,77,52,25
82430,33,29,4
82431,1336,924,412
82432,108,84,24
82433,393,251,142
82434,41,30,11
82435,4906,3422,1484
82440,68,68,0
82441,122,62,60
82442,327,247,80
82443,2158,1634,524
82450,67,67,0
82501,7152,4861,2291
82510,117,107,10
82512,78,59,19
82513,841,620,221
82514,474,285,189
82515,180,139,41
82516,191,135,56
82520,5145,3679,1466
82523,343,255,88
82601,11968,7653,4315
82604,10453,7754,2699
82609,7382,4481,2901
82620,82,35,47
82630,0,0,0
82633,3888,2979,909
82635,90,48,42
82636,1948,1500,448
82637,1557,937,620
82638,0,0,0
82639,340,233,107
82640,24,24,0
82642,37,32,5
82643,156,134,22
82644,756,376,380
82646,0,0,0
82648,10,10,0
82649,445,316,129
82701,2280,1828,452
82710,129,117,12
82711,40,22,18
82712,136,136,0
82714,30,9,21
82715,0,0,0
82716,6906,4795,2111
82718,9138,6664,2474
82720,391,297,94
82721,1080,918,162
82723,138,126,12
82725,216,203,13
82727,392,392,0
82729,1066,897,169
82730,742,510,232
82731,63,13,50
82732,773,559,214
82801,11215,7517,3698
82831,99,64,35
82832,334,304,30
82833,43,43,0
82834,3397,2408,989
82835,136,72,64
82836,448,304,144
82837,25,14,11
82838,124,86,38
82839,487,400,87
82842,326,193,133
82844,9,9,0
82845,14,14,0
82901,10372,7731,2641
82922,156,156,0
82923,148,132,16
82925,181,181,0
82929,101,0,101
82930,5409,3903,1506
82932,158,96,62
82933,189,189,0
82934,29,27,2
82935,4651,3631,1020
82936,0,0,0
82937,1540,1294,246
82938,62,62,0
82939,580,406,174
82941,1608,1305,303
82942,69,69,0
82943,163,146,17
82944,34,34,0
82945,128,109,19
83001,6811,3677,3134
83011,27,27,0
83012,109,20,89
83013,213,88,125
83014,1421,1166,255
83025,198,113,85
83101,1323,1024,299
83110,1516,1179,337
83111,235,142,93
83112,138,108,30
83113,748,527,221
83114,283,240,43
83115,434,353,81
83116,328,260,68
83118,390,288,102
83119,91,76,15
83120,322,287,35
83121,0,0,0
83122,219,176,43
83123,188,127,61
83124,58,52,6
83126,131,131,0
83127,1486,1189,297
83128,449,341,108
83201,13767,9016,4751
83202,7844,5874,1970
83203,127,92,35
83204,7188,4502,2686
83209,150,0,150
83210,1147,830,317
83211,2052,1323,729
83212,57,50,7
83213,508,401,107
83214,216,165,51
83215,29,26,3
83217,314,264,50
83218,105,80,25
83220,69,42,27
83221,8963,6713,2250
83223,37,35,2
83226,892,724,168
83227,97,28,69
83228,185,125,60
83232,167,130,37
83233,0,0,0
83234,567,445,122
83235,25,25,0
83236,770,651,119
83237,342,290,52
83238,25,17,8
83239,222,197,25
83241,863,677,186
83243,12,12,0
83244,116,105,11
83245,812,708,104
83246,363,326,37
83250,576,467,109
83251,508,370,138
83252,1573,1267,306
83253,33,26,7
83254,1440,1014,426
83255,571,479,92
83261,264,244,20
83262,386,339,47
83263,3141,2528,613
83271,161,130,31
83272,108,91,17
83274,2787,2152,635
83276,1405,1133,272
83277,90,90,0
83278,90,65,25
83281,37,18,19
83283,50,46,4
83285,43,35,8
83286,409,351,58
83287,118,106,12
83301,21104,13783,7321
83302,86,41,45
83311,269,186,83
83312,76,40,36
83313,1426,1030,396
83314,362,275,87
83316,3964,2902,1062
83318,5985,4155,1830
83320,284,214,70
83321,176,131,45
83322,16,16,0
83323,522,399,123
83324,211,158,53
83325,285,185,100
83327,277,188,89
83328,1964,1468,496
83330,2457,1690,767
83332,1084,749,335
83333,3592,2340,1252
83334,768,536,232
83335,653,456,197
83336,1761,1287,474
83337,22,22,0
83338,6897,4383,2514
83340,2098,1459,639
83341,2363,2050,313
83342,413,354,59
83344,382,215,167
83346,547,369,178
83347,1118,840,278
83348,105,75,30
83349,385,275,110
83350,4561,3129,1432
83352,1161,811,350
83353,568,502,66
83354,11,11,0
83355,1437,919,518
83401,14036,9527,4509
83402,9208,5817,3391
83404,8715,6473,2242
83406,5904,4445,1459
83414,202,196,6
83420,812,640,172
83421,88,72,16
83422,1110,810,300
83423,274,167,107
83424,125,58,67
83425,156,118,38
83427,561,540,21
83428,184,158,26
83429,323,310,13
83431,277,226,51
83433,2,2,0
83434,510,388,122
83435,187,131,56
83436,166,138,28
83440,10138,4601,5537
83442,6598,5373,1225
83443,394,319,75
83444,435,250,185
83445,2414,1920,494
83446,14,14,0
83448,580,406,174
83449,87,68,19
83450,282,238,44
83451,341,280,61
83452,680,594,86
83454,159,147,12
83455,1821,1301,520
83460,0,0,0
83462,288,231,57
83463,67,47,20
83464,135,88,47
83465,55,40,15
83466,149,114,35
83467,2752,2059,693
83468,65,64,1
83469,15,15,0
83501,14441,10153,4288
83520,108,62,46
83522,678,509,169
83523,333,280,53
83524,364,248,116
83525,192,167,25
83526,104,91,13
83530,2223,1602,621
83533,95,84,11
83535,477,353,124
83536,1797,1315,482
83537,449,378,71
83539,863,684,179
83540,740,441,299
83541,435,388,47
83542,60,44,16
83543,283,223,60
83544,2459,1846,613
83545,184,149,35
83546,230,196,34
83547,142,112,30
83548,51,48,3
83549,332,249,83
83552,428,372,56
83553,592,457,135
83554,222,188,34
83555,241,200,41
83601,11,11,0
83602,7,7,0
83604,222,116,106
83605,14409,9162,5247
83607,7989,5809,2180
83610,386,333,53
83611,659,574,85
83612,780,561,219
83615,343,266,77
83616,10637,8961,1676
83617,6086,4413,1673
83619,2913,2260,653
83622,886,749,137
83623,598,367,231
83624,467,242,225
83626,481,376,105
83627,239,188,51
83628,1546,1040,506
83629,729,609,120
83631,422,348,74
83632,161,146,15
83633,221,156,65
83634,7268,5498,1770
83636,26,26,0
83637,72,56,16
83638,2495,1921,574
83639,1279,982,297
83641,1272,1018,254
83642,16727,11801,4926
83643,73,73,0
83644,3782,3273,509
83645,328,257,71
83646,20913,17400,3513
83647,8155,5290,2865
83648,1010,0,1010
83650,200,119,81
83651,11457,7059,4398
83654,644,553,91
83655,1672,1279,393
83656,206,176,30
83657,100,86,14
83660,2157,1605,552
83661,3832,2554,1278
83666,13,11,2
83669,3690,3023,667
83670,162,146,16
83671,5,5,0
83672,3286,2216,1070
83676,1607,1158,449
83677,0,0,0
83686,16951,11807,5144
83687,11463,7560,3903
83702,10889,5663,5226
83703,7077,4504,2573
83704,15885,8962,6923
83705,11866,6067,5799
83706,13700,6896,6804
83709,20623,16278,4345
83712,4064,2704,1360
83713,10393,7058,3335
83714,9789,6667,3122
83716,6318,4834,1484
83801,2616,2303,313
83802,28,6,22
83803,440,234,206
83804,673,548,125
83805,3202,2544,658
83806,100,81,19
83808,62,52,10
83809,102,102,0
83810,440,382,58
83811,619,424,195
83812,38,36,2
83813,454,405,49
83814,11202,6091,5111
83815,13837,8720,5117
83821,101,86,15
83822,781,638,143
83823,549,451,98
83824,85,59,26
83825,118,93,25
83826,0,0,0
83827,91,71,20
83830,168,96,72
83832,562,447,115
83833,676,588,88
83834,104,80,24
83835,8455,7063,1392
83836,382,319,63
83837,1305,718,587
83839,615,494,121
83840,101,75,26
83841,158,79,79
83842,84,54,30
83843,11314,4967,6347
83844,0,0,0
83845,739,517,222
83846,334,257,77
83847,664,395,269
83848,89,73,16
83849,872,657,215
83850,926,773,153
83851,624,448,176
83852,377,93,284
83854,15527,11426,4101
83855,913,640,273
83856,2536,2031,505
83857,358,290,68
83858,5554,4469,1085
83860,2512,2072,440
83861,2528,1919,609
83864,7479,5033,2446
83866,33,33,0
83867,238,214,24
83868,349,198,151
83869,1916,1636,280
83870,105,74,31
83871,815,656,159
83872,238,186,52
83873,739,445,294
83874,0,0,0
83876,689,526,163
84001,231,207,24
84002,101,82,19
84003,13041,10525,2516
84004,2735,2377,358
84005,6937,6011,926
84006,431,341,90
84007,211,201,10
84010,15185,10690,4495
84013,288,270,18
84014,5541,4795,746
84015,19399,14562,4837
84017,1405,1214,191
84018,41,41,0
84020,13542,10837,2705
84021,1337,971,366
84022,230,4,226
84023,58,42,16
84024,17,17,0
84025,6515,5332,1183
84026,370,312,58
84027,224,204,20
84028,197,154,43
84029,3106,2551,555
84031,87,63,24
84032,6605,4629,1976
84033,334,267,67
84034,62,37,25
84035,142,142,0
84036,2501,1767,734
84037,10691,9519,1172
84038,100,85,15
84039,256,233,23
84040,7326,6164,1162
84041,16207,10693,5514
84042,2803,2371,432
84043,16202,13118,3084
84044,8076,6044,2032
84045,6316,5129,1187
84046,87,87,0
84047,13013,5641,7372
84049,2088,1631,457
84050,3265,2740,525
84051,152,130,22
84052,455,326,129
84053,319,282,37
84054,6467,4770,1697
84055,434,330,104
84056,936,4,932
84057,11987,7008,4979
84058,11213,5683,5530
84060,3265,1972,1293
84061,198,140,58
84062,13294,9514,3780
84063,77,68,9
84064,203,149,54
84065,11363,9990,1373
84066,3917,2854,1063
84067,12465,10263,2202
84069,176,147,29
84070,9965,6132,3833
84071,375,326,49
84072,152,133,19
84073,72,65,7
84074,15497,12643,2854
84075,7750,7225,525
84076,94,94,0
84078,8950,6692,2258
84080,97,91,6
84081,12892,10562,2330
84082,233,217,16
84083,447,107,340
84084,11929,8708,3221
84085,122,98,24
84086,120,89,31
84087,4724,4159,565
84088,11287,7977,3310
84092,9059,8447,612
84093,7462,6626,836
84094,9225,7122,2103
84095,20167,16221,3946
84096,12186,10296,1890
84097,6336,4762,1574
84098,7015,5715,1300
84101,2967,620,2347
84102,9079,2322,6757
84103,10438,5167,5271
84104,7626,3899,3727
84105,9420,6056,3364
84106,14469,8484,5985
84107,13774,6763,7011
84108,7787,5776,2011
84109,8927,6920,2007
84111,6571,1425,5146
84112,173,3,170
84113,50,0,50
84115,10997,4347,6650
84116,10974,6035,4939
84117,10256,6442,3814
84118,19955,16104,3851
84119,16914,9591,7323
84120,13643,9738,3905
84121,15859,12034,3825
84123,14379,8256,6123
84124,7922,5905,2017
84128,6994,6063,931
84144,202,80,122
84180,0,0,0
84301,255,243,12
84302,8543,6108,2435
84304,0,0,0
84305,236,221,15
84306,148,98,50
84307,430,373,57
84308,77,57,20
84309,146,131,15
84310,1514,1424,90
84311,217,154,63
84312,1443,1226,217
84313,42,21,21
84314,336,302,34
84315,2590,2443,147
84316,106,89,17
84317,820,711,109
84318,1274,1098,176
84319,2256,1748,508
84320,784,618,166
84321,14884,7331,7553
84324,236,222,14
84325,677,625,52
84326,578,459,119
84327,250,228,22
84328,524,484,40
84329,16,16,0
84330,121,116,5
84331,94,78,16
84332,2395,2033,362
84333,895,700,195
84334,86,31,55
84335,3607,3118,489
84336,57,36,21
84337,3784,2903,881
84338,141,117,24
84339,1441,1276,165
84340,1212,1047,165
84341,7626,3458,4168
84401,13881,7488,6393
84403,13025,8796,4229
84404,20155,14546,5609
84405,11139,8222,2917
84414,8952,7775,1177
84501,4884,3473,1411
84511,1261,993,268
84512,236,198,38
84513,523,424,99
84515,0,0,0
84516,67,67,0
84518,293,236,57
84520,448,315,133
84521,270,226,44
84522,101,94,7
84523,643,503,140
84525,322,228,94
84526,1652,1302,350
84528,883,692,191
84529,143,121,22
84530,108,27,81
84531,169,158,11
84532,4149,2690,1459
84533,88,24,64
84534,616,508,108
84535,909,726,183
84536,417,360,57
84537,487,358,129
84539,87,81,6
84540,24,24,0
84542,630,427,203
84601,10727,4660,6067
84604,11850,6050,5800
84606,10391,2341,8050
84620,328,313,15
84621,55,55,0
84622,568,469,99
84623,85,34,51
84624,1956,1451,505
84626,37,37,0
84627,1973,1027,946
84628,226,202,24
84629,874,791,83
84630,103,81,22
84631,1048,862,186
84632,386,320,66
84633,415,362,53
84634,401,362,39
84635,255,225,30
84636,189,142,47
84637,250,201,49
84638,91,78,13
84639,318,228,90
84640,38,38,0
84642,1163,796,367
84643,166,132,34
84645,704,628,76
84646,547,472,75
84647,1485,1185,300
84648,2060,1609,451
84649,305,261,44
84651,7154,5743,1411
84652,297,270,27
84653,2356,2070,286
84654,1026,809,217
84655,3184,2744,440
84656,129,111,18
84657,242,173,69
84660,10880,8330,2550
84662,493,423,70
84663,9291,6474,2817
84664,2451,2310,141
84665,149,138,11
84667,109,81,28
84701,2915,1972,943
84710,36,28,8
84711,228,200,28
84712,53,47,6
84713,1237,841,396
84714,183,113,70
84715,147,136,11
84716,129,69,60
84718,78,53,25
84719,36,23,13
84720,7259,4311,2948
84721,6949,4580,2369
84722,368,321,47
84723,245,214,31
84724,440,360,80
84725,517,439,78
84726,349,291,58
84728,20,0,20
84729,81,71,10
84730,87,85,2
84731,56,56,0
84732,21,21,0
84733,70,42,28
84734,112,54,58
84735,93,84,9
84736,89,81,8
84737,6081,4355,1726
84738,3243,2644,599
84739,196,145,51
84740,34,33,1
84741,2163,1756,407
84742,100,86,14
84743,1,1,0
84744,95,87,8
84745,1283,1036,247
84746,366,327,39
84747,420,289,131
84749,101,82,19
84750,184,160,24
84751,668,529,139
84752,341,260,81
84753,6,6,0
84754,1327,1157,170
84755,21,21,0
84756,148,85,63
84757,457,321,136
84758,171,137,34
84759,651,533,118
84760,185,158,27
84761,1212,972,240
84762,98,70,28
84763,138,111,27
84764,75,25,50
84765,2081,1699,382
84766,88,57,31
84767,193,138,55
84770,14682,8447,6235
84772,111,81,30
84773,100,77,23
84774,511,475,36
84775,141,128,13
84776,206,163,43
84779,231,189,42
84780,8203,5637,2566
84781,84,68,16
84782,301,279,22
84783,328,315,13
84784,336,32,304
84790,15244,11255,3989
85003,3912,1412,2500
85004,2753,566,2187
85006,9251,3489,5762
85007,5157,1831,3326
85008,21902,5465,16437
85009,12338,5534,6804
85012,3560,1907,1653
85013,9903,4403,5500
85014,12867,4526,8341
85015,14885,5439,9446
85016,16566,7596,8970
85017,11584,4619,6965
85018,17207,9157,8050
85019,7512,3661,3851
85020,15522,8262,7260
85021,15941,6233,9708
85022,21806,11843,9963
85023,12687,7337,5350
85024,9953,6939,3014
85027,15536,8617,6919
85028,7962,6331,1631
85029,17042,8637,8405
85031,7906,4039,3867
85032,27909,15168,12741
85033,15952,7548,8404
85034,1833,395,1438
85035,14758,5487,9271
85037,14533,8200,6333
85040,10007,4253,5754
85041,17015,10668,6347
85042,14525,8430,6095
85043,9813,5508,4305
85044,17072,10090,6982
85045,2473,2216,257
85048,13339,9297,4042
85050,11797,8573,3224
85051,14978,7866,7112
85053,11221,6408,4813
85054,3649,1286,2363
85083,6332,5660,672
85085,8482,5177,3305
85086,14642,11658,2984
85087,3087,2721,366
85118,6436,5934,502
85119,10177,7834,2343
85120,13812,10565,3247
85121,508,109,399
85122,18859,11940,6919
85123,4530,2916,1614
85128,4739,2883,1856
85131,3392,2202,1190
85132,7703,5889,1814
85135,181,117,64
85137,944,641,303
85138,11451,8799,2652
85139,5564,3794,1770
85140,13971,11180,2791
85141,141,114,27
85142,19760,16627,3133
85143,12086,8699,3387
85145,1014,814,200
85147,1163,375,788
85172,509,258,251
85173,1198,860,338
85192,694,630,64
85193,1393,989,404
85194,2946,2514,432
85201,19560,6536,13024
85202,15762,6844,8918
85203,12567,6870,5697
85204,22177,12163,10014
85205,17300,12026,5274
85206,15388,9902,5486
85207,17981,13931,4050
85208,14861,11001,3860
85209,15916,11854,4062
85210,14558,5767,8791
85212,9944,8043,1901
85213,12594,9340,3254
85215,7425,6081,1344
85224,16856,9126,7730
85225,25231,14350,10881
85226,14291,8760,5531
85233,12613,8392,4221
85234,15747,11187,4560
85248,15597,12250,3347
85249,13504,11768,1736
85250,8614,6108,2506
85251,20456,9729,10727
85253,7583,6414,1169
85254,18225,12865,5360
85255,17354,13582,3772
85256,1707,1266,441
85257,14305,8076,6229
85258,12684,8918,3766
85259,9500,7322,2178
85260,17518,10622,6896
85262,5203,4662,541
85263,1350,1279,71
85264,418,350,68
85266,5361,5144,217
85268,11693,9250,2443
85281,23822,4752,19070
85282,22334,9651,12683
85283,19477,9121,10356
85284,7090,5853,1237
85286,13834,8930,4904
85295,14095,8995,5100
85296,13703,10678,3025
85297,9706,7151,2555
85298,9840,8826,1014
85301,21934,7789,14145
85302,14383,7679,6704
85303,9529,5642,3887
85304,9312,6548,2764
85305,4356,2410,1946
85306,8860,5155,3705
85307,3369,1503,1866
85308,24544,17197,7347
85309,0,0,0
85310,6696,5612,1084
85320,325,244,81
85321,1655,1084,571
85322,266,191,75
85323,12686,6452,6234
85324,1406,1224,182
85325,631,598,33
85326,15693,10682,5011
85328,111,53,58
85331,11644,10213,1431
85332,737,666,71
85333,268,185,83
85334,461,308,153
85335,10478,6519,3959
85336,155,106,49
85337,802,356,446
85338,15228,11018,4210
85339,12695,8969,3726
85340,10558,8099,2459
85341,0,0,0
85342,707,579,128
85343,71,36,35
85344,3701,2513,1188
85345,19806,12750,7056
85346,2597,1949,648
85347,209,95,114
85348,1137,1013,124
85349,8133,5473,2660
85350,5945,4223,1722
85351,17612,14831,2781
85352,208,183,25
85353,10546,6951,3595
85354,2263,1670,593
85355,3491,3014,477
85356,1864,1532,332
85357,181,134,47
85360,82,31,51
85361,2054,1784,270
85362,382,279,103
85363,2456,1282,1174
85364,26211,14443,11768
85365,18790,13632,5158
85367,10717,8748,1969
85371,93,52,41
85373,8906,7594,1312
85374,21551,15559,5992
85375,16778,14827,1951
85377,1719,1295,424
85379,14073,10079,3994
85381,9028,6022,3006
85382,15463,10717,4746
85383,15795,14187,1608
85387,4799,4057,742
85388,8697,6762,1935
85390,4191,3283,908
85392,12719,7105,5614
85395,9999,7841,2158
85396,6292,5371,921
85501,5259,3586,1673
85530,410,290,120
85531,142,89,53
85533,1163,716,447
85534,1021,847,174
85535,0,0,0
85536,171,155,16
85539,1766,1330,436
85540,1020,0,1020
85541,9784,7422,2362
85542,679,375,304
85543,1215,979,236
85544,1316,1211,105
85545,298,270,28
85546,5919,4101,1818
85550,1160,612,548
85551,118,108,10
85552,2168,1400,768
85553,854,690,164
85554,303,226,77
85601,382,300,82
85602,4129,2966,1163
85603,3221,2300,921
85605,239,146,93
85606,510,435,75
85607,5040,3518,1522
85608,0,0,0
85609,118,118,0
85610,436,346,90
85611,415,394,21
85613,905,5,900
85614,13030,10459,2571
85615,3978,3465,513
85616,2343,1614,729
85617,626,452,174
85618,639,479,160
85619,42,9,33
85620,228,152,76
85621,7078,3556,3522
85622,3655,3274,381
85623,2159,1844,315
85624,569,402,167
85625,1029,931,98
85626,343,280,63
85627,453,343,110
85629,8384,6956,1428
85630,985,851,134
85631,1361,972,389
85632,397,324,73
85633,12,2,10
85634,1626,979,647
85635,14276,7820,6456
85637,503,455,48
85638,948,698,250
85640,78,62,16
85641,8904,8101,803
85643,3198,2177,1021
85645,728,640,88
85646,767,669,98
85648,6174,4832,1342
85650,6424,5599,825
85653,5845,4840,1005
85654,0,0,0
85658,4766,4096,670
85701,2747,683,2064
85704,14821,8493,6328
85705,23656,10455,13201
85706,17097,10058,7039
85707,0,0,0
85708,1230,19,1211
85710,25061,13126,11935
85711,16673,8040,8633
85712,15901,5876,10025
85713,16772,10647,6125
85714,5242,2817,2425
85715,7731,5200,2531
85716,14825,5972,8853
85718,12569,8616,3953
85719,17495,4762,12733
85723,0,0,0
85724,0,0,0
85726,0,0,0
85730,15369,10318,5051
85735,4315,3673,642
85736,1863,1596,267
85737,9541,6873,2668
85739,8601,7756,845
85741,14150,8021,6129
85742,10296,7935,2361
85743,11468,9397,2071
85745,16110,9446,6664
85746,14561,9630,4931
85747,8616,6662,1954
85748,7515,5397,2118
85749,7676,6357,1319
85750,11325,7873,3452
85755,7012,6189,823
85756,10889,8108,2781
85757,6184,4557,1627
85901,7068,4896,2172
85911,430,255,175
85912,166,166,0
85920,231,198,33
85922,23,23,0
85923,163,117,46
85924,1134,1081,53
85925,1714,1414,300
85926,100,57,43
85927,74,53,21
85928,429,275,154
85929,3055,2077,978
85930,265,129,136
85931,95,87,8
85932,163,117,46
85933,1233,890,343
85934,142,142,0
85935,1968,1588,380
85936,1087,839,248
85937,2406,1995,411
85938,769,572,197
85939,1571,1099,472
85940,457,440,17
85941,2523,1576,947
85942,44,44,0
86001,17469,8661,8808
86003,3,3,0
86004,13247,8345,4902
86011,68,0,68
86015,169,62,107
86016,20,20,0
86017,499,441,58
86018,404,326,78
86020,585,500,85
86021,809,154,655
86022,719,482,237
86023,742,120,622
86024,326,305,21
86025,1728,1026,702
86028,0,0,0
86029,64,64,0
86030,387,349,38
86031,513,383,130
86032,519,378,141
86033,2138,1189,949
86034,598,390,208
86035,558,428,130
86036,177,129,48
86038,9,9,0
86039,403,339,64
86040,3226,2180,1046
86042,548,330,218
86043,568,485,83
86044,976,834,142
86045,3062,2024,1038
86046,2427,1787,640
86047,4100,2396,1704
86052,0,0,0
86053,550,462,88
86054,540,384,156
86301,9843,6424,3419
86303,8269,5745,2524
86305,8064,6373,1691
86313,0,0,0
86314,15323,9295,6028
86315,3247,2993,254
86320,843,756,87
86321,772,130,642
86322,4283,3138,1145
86323,6864,5411,1453
86324,2292,1595,697
86325,2492,2129,363
86326,10352,6491,3861
86327,4205,3671,534
86329,440,406,34
86331,227,138,89
86332,832,665,167
86333,2630,2192,438
86334,1760,1231,529
86335,2238,1552,686
86336,6181,4810,1371
86337,567,453,114
86338,221,161,60
86343,46,42,4
86351,3252,2364,888
86401,9984,6959,3025
86403,7525,4395,3130
86404,7643,5649,1994
86406,10601,7916,2685
86409,11232,7924,3308
86411,138,130,8
86413,5231,4599,632
86426,6126,4568,1558
86429,3549,2001,1548
86431,250,201,49
86432,1603,1153,450
86433,0,0,0
86434,451,245,206
86435,3,3,0
86436,622,480,142
86437,36,24,12
86438,402,318,84
86440,3105,2115,990
86441,1199,930,269
86442,13981,8127,5854
86443,0,0,0
86444,539,474,65
86445,148,148,0
86502,363,343,20
86503,3142,2193,949
86504,1780,1174,606
86505,2047,1692,355
86506,358,310,48
86507,560,532,28
86508,204,196,8
86510,1330,1112,218
86511,1016,944,72
86512,694,513,181
86514,827,654,173
86515,1301,712,589
86520,460,398,62
86535,320,313,7
86538,636,449,187
86540,257,224,33
86544,295,257,38
86545,372,335,37
86547,279,262,17
86556,446,251,195
87001,907,659,248
87002,8596,6317,2279
87004,4110,2955,1155
87005,202,156,46
87006,226,201,25
87007,285,261,24
87008,1105,989,116
87010,506,427,79
87011,29,29,0
87012,89,59,30
87013,1542,1077,465
87014,279,228,51
87015,4980,4567,413
87016,1099,907,192
87017,112,89,23
87018,163,100,63
87020,3966,2395,1571
87021,1222,776,446
87022,323,310,13
87023,210,210,0
87024,545,456,89
87025,577,537,40
87026,1122,931,191
87027,142,86,56
87028,92,92,0
87029,153,148,5
87031,15242,12601,2641
87032,65,19,46
87034,516,475,41
87035,2742,2296,446
87036,667,528,139
87037,229,191,38
87038,179,106,73
87040,163,163,0
87041,271,191,80
87042,1323,1105,218
87043,2244,1991,253
87044,102,102,0
87045,502,455,47
87046,52,46,6
87047,1832,1659,173
87048,3938,3558,380
87049,364,333,31
87051,333,301,32
87052,554,421,133
87053,367,255,112
87056,446,393,53
87059,4271,3924,347
87061,246,246,0
87062,394,346,48
87063,85,47,38
87064,56,56,0
87068,1852,1708,144
87070,26,0,26
87072,168,144,24
87083,264,235,29
87102,9318,3247,6071
87104,5724,3324,2400
87105,19931,14469,5462
87106,11082,4413,6669
87107,13101,8388,4713
87108,16760,5451,11309
87109,17859,9108,8751
87110,17104,10830,6274
87111,24223,15508,8715
87112,18063,11055,7008
87113,5793,4488,1305
87114,25056,17150,7906
87116,1226,22,1204
87117,0,0,0
87120,23559,17385,6174
87121,23992,17180,6812
87122,7054,6224,830
87123,17081,10743,6338
87124,20661,15747,4914
87144,14223,11224,2999
87301,7735,4649,3086
87305,1001,881,120
87310,274,247,27
87311,1054,845,209
87312,186,152,34
87313,1620,938,682
87315,82,54,28
87316,304,195,109
87317,546,420,126
87319,474,438,36
87320,157,142,15
87321,769,627,142
87322,32,32,0
87323,1277,965,312
87325,851,729,122
87326,494,451,43
87327,1850,1481,369
87328,683,336,347
87347,96,66,30
87357,227,128,99
87364,294,263,31
87375,744,683,61
87401,16112,10258,5854
87402,3744,2956,788
87410,6452,5005,1447
87412,328,298,30
87413,5677,4203,1474
87415,639,594,45
87416,1481,1186,295
87417,1898,1294,604
87418,378,300,78
87419,178,126,52
87420,3240,2205,1035
87421,512,380,132
87455,561,441,120
87461,422,393,29
87499,169,135,34
87501,8130,5151,2979
87505,14003,8389,5614
87506,5682,4603,1079
87507,17947,12045,5902
87508,7808,6666,1142
87510,326,190,136
87511,787,560,227
87512,26,26,0
87513,216,138,78
87514,274,274,0
87515,118,118,0
87516,21,21,0
87517,232,184,48
87518,9,9,0
87519,236,131,105
87520,518,452,66
87521,370,313,57
87522,923,750,173
87523,214,178,36
87524,39,39,0
87525,32,23,9
87527,261,251,10
87528,727,500,227
87529,1480,1141,339
87530,203,203,0
87531,189,165,24
87532,6429,4302,2127
87533,58,39,19
87535,548,442,106
87537,856,668,188
87538,319,239,80
87539,22,22,0
87540,424,368,56
87543,56,56,0
87544,7567,5611,1956
87548,522,423,99
87549,266,218,48
87551,162,162,0
87552,1532,1285,247
87553,479,362,117
87554,0,0,0
87556,967,844,123
87557,2189,1795,394
87558,180,103,77
87560,487,273,214
87562,135,110,25
87564,133,133,0
87565,228,151,77
87566,806,713,93
87567,557,304,253
87569,218,190,28
87571,4614,3102,1512
87573,38,38,0
87574,93,79,14
87575,270,197,73
87577,163,163,0
87578,119,119,0
87579,296,240,56
87580,181,127,54
87581,17,17,0
87582,264,231,33
87583,69,53,16
87701,7379,4920,2459
87710,735,534,201
87711,316,250,66
87712,78,54,24
87713,88,78,10
87714,498,318,180
87715,198,95,103
87718,182,137,45
87722,211,211,0
87723,104,73,31
87724,21,0,21
87728,165,110,55
87729,16,13,3
87730,10,5,5
87731,115,98,17
87732,514,391,123
87733,43,30,13
87734,63,49,14
87735,75,55,20
87736,31,31,0
87740,3451,2323,1128
87742,268,246,22
87743,129,79,50
87745,285,250,35
87746,48,28,20
87747,564,436,128
87749,48,24,24
87750,0,0,0
87752,133,96,37
87753,33,15,18
87801,2665,1641,1024
87820,39,39,0
87821,265,264,1
87823,297,237,60
87824,42,42,0
87825,674,628,46
87827,45,32,13
87828,139,131,8
87829,260,260,0
87830,514,451,63
87831,61,56,5
87832,101,101,0
87901,3109,2097,1012
87930,275,213,62
87931,390,319,71
87933,34,34,0
87935,840,776,64
87936,178,163,15
87937,958,629,329
87939,57,57,0
87940,231,177,54
87941,291,190,101
87942,420,349,71
87943,74,74,0
88001,14113,5847,8266
88002,273,25,248
88003,0,0,0
88004,0,0,0
88005,10609,6607,4002
88007,8610,6388,2222
88008,2663,1701,962
88009,3,0,3
88011,13011,6741,6270
88012,9992,7628,2364
88020,261,206,55
88021,5832,3942,1890
88022,411,350,61
88023,999,617,382
88024,51,35,16
88025,131,105,26
88026,581,437,144
88027,133,113,20
88028,130,112,18
88029,529,367,162
88030,8478,5075,3403
88032,130,83,47
88033,0,0,0
88034,16,16,0
88038,142,109,33
88039,187,176,11
88040,49,39,10
88041,568,454,114
88042,120,120,0
88043,612,493,119
88044,1263,956,307
88045,1377,936,441
88046,372,210,162
88047,824,635,189
88048,948,836,112
88049,213,152,61
88051,51,51,0
88052,101,55,46
88053,132,20,112
88055,24,24,0
88056,104,83,21
88061,7700,5320,2380
88063,4042,2692,1350
88065,252,145,107
88072,474,327,147
88081,4281,3324,957
88101,17462,9850,7612
88103,0,0,0
88112,57,41,16
88113,29,12,17
88114,11,11,0
88115,40,36,4
88116,195,159,36
88118,123,74,49
88119,668,455,213
88120,85,69,16
88121,41,34,7
88124,454,365,89
88125,27,7,20
88126,17,17,0
88130,6463,3899,2564
88132,74,50,24
88134,17,0,17
88135,497,334,163
88136,20,13,7
88201,9981,7166,2815
88203,10652,7003,3649
88210,6799,4733,2066
88220,13528,9686,3842
88230,1580,1112,468
88231,1075,803,272
88232,643,529,114
88240,12655,7958,4697
88242,2403,1913,490
88250,111,26,85
88252,758,523,235
88253,261,177,84
88254,29,29,0
88255,11,11,0
88256,689,479,210
88260,4679,3370,1309
88262,5,5,0
88263,74,53,21
88264,11,0,11
88265,54,45,9
88267,463,345,118
88268,63,34,29
88301,467,399,68
88310,14685,9106,5579
88311,475,419,56
88312,1228,1124,104
88314,16,16,0
88316,862,665,197
88317,723,653,70
88318,106,91,15
88321,59,48,11
88323,0,0,0
88324,79,72,7
88325,354,274,80
88330,973,9,964
88336,128,82,46
88337,935,821,114
88338,49,49,0
88339,207,180,27
88340,982,565,417
88341,255,253,2
88342,40,35,5
88343,5,5,0
88344,12,12,0
88345,3461,2648,813
88346,950,469,481
88347,46,14,32
88348,135,97,38
88349,14,14,0
88350,221,221,0
88351,92,65,27
88352,1827,1569,258
88353,84,46,38
88354,0,0,0
88355,0,0,0
88401,2372,1376,996
88410,21,12,9
88411,26,15,11
88414,8,6,2
88415,1128,771,357
88416,35,35,0
88417,0,0,0
88418,78,56,22
88419,61,56,5
88421,39,39,0
88422,31,31,0
88424,40,36,4
88426,383,329,54
88427,56,41,15
88430,54,45,9
88431,12,12,0
88434,126,100,26
88435,1071,695,376
88436,37,20,17
89001,480,409,71
89002,11985,8873,3112
89003,417,178,239
89004,124,112,12
89005,6481,4488,1993
89007,329,223,106
89008,572,381,191
89010,183,106,77
89011,9898,6218,3680
89012,14219,8989,5230
89013,169,117,52
89014,16083,7238,8845
89015,14974,8824,6150
89017,51,51,0
89018,338,284,54
89019,946,633,313
89020,422,201,221
89021,971,788,183
89022,0,0,0
89025,338,251,87
89026,0,0,0
89027,7889,5602,2287
89029,3946,1698,2248
89030,13742,5026,8716
89031,20812,14099,6713
89032,13966,7976,5990
89039,101,89,12
89040,1401,1020,381
89042,470,291,179
89043,468,370,98
89044,8819,7409,1410
89045,890,714,176
89046,197,131,66
89047,74,41,33
89048,8869,6195,2674
89049,1279,520,759
89052,21558,13983,7575
89054,29,29,0
89060,3925,2985,940
89061,2587,2225,362
89074,19940,11939,8001
89081,10845,6308,4537
89084,9330,5946,3384
89085,1113,968,145
89086,1835,674,1161
89101,14622,2664,11958
89102,14711,3406,11305
89103,21695,7075,14620
89104,14209,6284,7925
89106,8639,2634,6005
89107,12575,6184,6391
89108,26276,11792,14484
89109,4187,1298,2889
89110,20835,11411,9424
89113,11321,6187,5134
89115,18309,5905,12404
89117,23095,10818,12277
89118,8137,3260,4877
89119,21650,3726,17924
89120,9301,4980,4321
89121,24091,11311,12780
89122,17869,9988,7881
89123,23638,12327,11311
89124,437,373,64
89128,14679,7537,7142
89129,19954,13077,6877
89130,12549,8917,3632
89131,16188,12231,3957
89134,11398,9160,2238
89135,11540,7843,3697
89138,5790,3940,1850
89139,12589,7555,5034
89141,10740,7113,3627
89142,11054,6139,4915
89143,4206,3091,1115
89144,7328,4669,2659
89145,9613,5821,3792
89146,6836,3011,3825
89147,19644,9848,9796
89148,17641,8341,9300
89149,14585,9445,5140
89156,9455,5340,4115
89161,86,86,0
89166,6627,4467,2160
89169,9194,1693,7501
89178,12424,8930,3494
89179,2081,1738,343
89183,13992,6659,7333
89191,0,0,0
89301,2734,1994,740
89310,201,165,36
89311,52,32,20
89314,136,65,71
89316,492,340,152
89317,117,117,0
89318,532,375,157
89319,78,78,0
89402,8,8,0
89403,6057,4281,1776
89404,28,15,13
89405,55,0,55
89406,9796,6433,3363
89408,7264,4884,2380
89409,118,118,0
89410,4822,3072,1750
89411,280,246,34
89412,105,105,0
89413,282,232,50
89414,94,80,14
89415,1412,982,430
89418,129,98,31
89419,1494,1058,436
89420,0,0,0
89421,217,185,32
89422,62,62,0
89423,4542,3792,750
89424,109,76,33
89425,148,102,46
89426,50,17,33
89427,445,271,174
89428,75,51,24
89429,2836,2347,489
89430,166,148,18
89431,14605,6225,8380
89433,6781,4541,2240
89434,10705,6683,4022
89436,15834,11845,3989
89438,49,49,0
89439,656,503,153
89440,324,233,91
89441,4437,3768,669
89442,441,316,125
89444,1255,1101,154
89445,6016,4542,1474
89446,0,0,0
89447,3224,2052,1172
89448,747,583,164
89449,1468,751,717
89450,27,20,7
89451,3770,2763,1007
89460,5557,3560,1997
89501,2427,558,1869
89502,18527,6461,12066
89503,11671,5282,6389
89506,13823,9293,4530
89508,4461,3957,504
89509,16670,8758,7912
89510,651,602,49
89511,10877,8107,2770
89512,10218,3143,7075
89519,3719,2986,733
89521,11875,8456,3419
89523,14428,8073,6355
89701,10070,5612,4458
89702,0,0,0
89703,4525,3096,1429
89704,1834,1608,226
89705,2140,1544,596
89706,8525,4254,4271
89801,8922,6054,2868
89815,4783,4282,501
89820,1933,1548,385
89821,240,191,49
89822,700,549,151
89823,40,40,0
89825,537,195,342
89826,0,0,0
89828,165,165,0
89830,87,40,47
89831,0,0,0
89832,484,291,193
89833,51,6,45
89834,41,16,25
89835,648,398,250
89883,1307,817,490
90001,13815,4966,8849
90002,12706,4540,8166
90003,17127,4856,12271
90004,21971,3670,18301
90005,16442,1303,15139
90006,19419,1708,17711
90007,11884,1344,10540
90008,14834,5004,9830
90010,1961,420,1541
90011,24160,6213,17947
90012,12736,1307,11429
90013,6966,607,6359
90014,5496,170,5326
90015,9423,1236,8187
90016,17087,6515,10572
90017,10869,435,10434
90018,16426,4996,11430
90019,24756,6951,17805
90020,16396,1483,14913
90021,1758,160,1598
90022,17444,5724,11720
90023,11519,3159,8360
90024,16737,5140,11597
90025,22105,5881,16224
90026,25785,6161,19624
90027,21716,4051,17665
90028,16652,784,15868
90029,14018,1303,12715
90031,11621,3739,7882
90032,13470,6741,6729
90033,13236,2403,10833
90034,25878,4985,20893
90035,12329,4027,8302
90036,18426,3269,15157
90037,17334,4120,13214
90038,11601,1023,10578
90039,11413,5152,6261
90040,3512,1619,1893
90041,9724,5135,4589
90042,20622,9098,11524
90043,17066,9171,7895
90044,28160,8049,20111
90045,15514,8041,7473
90046,29183,6346,22837
90047,17420,9719,7701
90048,12054,3674,8380
90049,16647,8498,8149
90056,3374,2251,1123
90057,17031,608,16423
90058,757,80,677
90059,10628,4898,5730
90061,7318,3009,4309
90062,9905,4295,5610
90063,13675,5482,8193
90064,10958,6159,4799
90065,15337,7386,7951
90066,25225,9387,15838
90067,1375,1132,243
90068,11360,5549,5811
90069,12640,4717,7923
90071,0,0,0
90073,0,0,0
90077,3276,2767,509
90079,0,0,0
90089,7,0,7
90090,0,0,0
90094,4345,1643,2702
90095,0,0,0
90201,24065,5457,18608
90210,8036,5747,2289
90211,3805,1180,2625
90212,5934,1764,4170
90220,13509,7916,5593
90221,12228,6265,5963
90222,7985,3932,4053
90230,13204,7284,5920
90232,6410,2398,4012
90240,7442,4939,2503
90241,13542,5787,7755
90242,12203,6074,6129
90245,6639,2938,3701
90247,15886,6172,9714
90248,3822,2717,1105
90249,8784,5182,3602
90250,31978,9753,22225
90254,8979,4371,4608
90255,18500,6074,12426
90260,10509,4026,6483
90262,15551,6653,8898
90263,0,0,0
90265,7555,5578,1977
90266,13520,9450,4070
90270,6679,1731,4948
90272,9008,7278,1730
90274,9089,7969,1120
90275,15634,12204,3430
90277,15724,7096,8628
90278,15354,8890,6464
90280,23926,10096,13830
90290,2236,1745,491
90291,13612,4455,9157
90292,12381,3809,8572
90293,6679,3149,3530
90301,12136,3125,9011
90302,10893,3048,7845
90303,7144,2789,4355
90304,6430,1845,4585
90305,5946,3894,2052
90401,4649,340,4309
90402,4874,3357,1517
90403,12918,2976,9942
90404,9904,2297,7607
90405,14029,4698,9331
90501,14244,6157,8087
90502,6011,3849,2162
90503,16738,8456,8282
90504,11559,6991,4568
90505,14089,8047,6042
90506,0,0,0
90601,11097,6548,4549
90602,7769,3078,4691
90603,6659,5203,1456
90604,12295,8211,4084
90605,10388,7134,3254
90606,8893,5968,2925
90620,13091,9190,3901
90621,10172,4061,6111
90623,4952,3403,1549
90630,15927,10583,5344
90631,21332,13035,8297
90638,14462,11315,3147
90640,19290,8372,10918
90650,27180,17344,9836
90660,16666,11219,5447
90670,4868,3287,1581
90680,8659,4296,4363
90701,4602,2181,2421
90703,15553,12031,3522
90704,1562,451,1111
90706,23517,9222,14295
90710,9162,4805,4357
90712,10453,7743,2710
90713,9267,7562,1705
90715,5994,3479,2515
90716,3809,1562,2247
90717,8515,3961,4554
90720,7922,5042,2880
90723,14452,5569,8883
90731,22624,7108,15516
90732,8522,6036,2486
90740,12515,9453,3062
90742,388,126,262
90743,119,80,39
90744,14638,5444,9194
90745,15139,10313,4826
90746,8159,7023,1136
90747,0,0,0
90755,4607,2128,2479
90802,20749,4280,16469
90803,16947,7336,9611
90804,15066,3222,11844
90805,27034,11245,15789
90806,12821,4414,8407
90807,12644,6667,5977
90808,13967,10943,3024
90810,9334,5142,4192
90813,17148,2027,15121
90814,8954,3463,5491
90815,14459,9775,4684
90822,0,0,0
90831,0,0,0
91001,12745,9558,3187
91006,10459,7034,3425
91007,11617,6370,5247
91008,428,271,157
91010,8073,5152,2921
91011,6597,5906,691
91016,14354,7061,7293
91020,3450,1195,2255
91024,4603,2854,1749
91030,9992,4670,5322
91040,7263,5248,2015
91042,9854,5185,4669
91046,100,0,100
91101,10521,1751,8770
91103,8500,3957,4543
91104,12960,6450,6510
91105,5299,3135,2164
91106,10554,3920,6634
91107,12462,7567,4895
91108,4686,4047,639
91201,8311,2401,5910
91202,8764,3138,5626
91203,5698,1024,4674
91204,6327,627,5700
91205,14294,2156,12138
91206,13294,4598,8696
91207,4166,2288,1878
91208,5806,3735,2071
91210,308,67,241
91214,10240,7854,2386
91301,9191,7165,2026
91302,9513,6672,2841
91303,9823,2366,7457
91304,17225,8743,8482
91306,14510,8197,6313
91307,8738,7380,1358
91311,14122,9244,4878
91316,12252,6073,6179
91320,15032,11423,3609
91321,11045,6078,4967
91324,9925,5119,4806
91325,11748,5620,6128
91326,12888,9384,3504
91330,0,0,0
91331,23367,14396,8971
91335,24085,11435,12650
91340,8870,4849,4021
91342,25033,16388,8645
91343,17850,9052,8798
91344,16820,12628,4192
91345,5314,3921,1393
91350,11458,9598,1860
91351,9871,6961,2910
91352,12474,6742,5732
91354,10277,8029,2248
91355,12030,7068,4962
91356,11827,6702,5125
91360,15002,10064,4938
91361,8583,6502,2081
91362,13506,9625,3881
91364,10607,7132,3475
91367,18236,9357,8879
91371,0,0,0
91377,5306,3767,1539
91381,6675,4612,2063
91384,6980,5849,1131
91387,13240,8084,5156
91390,5996,5429,567
91401,15132,5162,9970
91402,19476,6406,13070
91403,11491,5080,6411
91405,18009,4788,13221
91406,18126,7166,10960
91411,9689,2606,7083
91423,15305,6030,9275
91436,5594,4411,1183
91501,7870,2542,5328
91502,5125,448,4677
91504,9414,4973,4441
91505,12835,6010,6825
91506,7460,4036,3424
91601,16809,3283,13526
91602,9557,3238,6319
91604,14808,6797,8011
91605,15774,5799,9975
91606,15439,4725,10714
91607,13673,4097,9576
91608,0,0,0
91701,13050,10268,2782
91702,15383,8718,6665
91706,18172,10267,7905
91708,590,303,287
91709,24374,18392,5982
91710,21639,13745,7894
91711,11938,7716,4222
91722,9880,7045,2835
91723,6250,2547,3703
91724,7941,5668,2273
91730,23576,10529,13047
91731,8085,3109,4976
91732,15904,6979,8925
91733,11150,4728,6422
91737,7977,5670,2307
91739,11598,8185,3413
91740,8357,5640,2717
91741,8941,6517,2424
91744,18895,12614,6281
91745,16233,12557,3676
91746,6676,4967,1709
91748,13492,8513,4979
91750,11856,8857,2999
91752,8456,5190,3266
91754,11109,6118,4991
91755,8783,4270,4513
91759,195,128,67
91761,17028,10935,6093
91762,17326,8638,8688
91763,10281,5349,4932
91764,16129,7223,8906
91765,14937,11255,3682
91766,17906,9463,8443
91767,14099,7284,6815
91768,8073,4197,3876
91770,16977,8616,8361
91773,11494,8277,3217
91775,8070,5321,2749
91776,11455,4353,7102
91780,11173,6615,4558
91784,8945,7574,1371
91786,19085,8107,10978
91789,13264,11015,2249
91790,12217,8426,3791
91791,10170,6795,3375
91792,8655,4776,3879
91801,19721,7044,12677
91803,9671,4427,5244
91901,6411,4611,1800
91902,6249,4671,1578
91905,565,346,219
91906,1218,832,386
91910,24999,11893,13106
91911,24928,12713,12215
91913,14756,10387,4369
91914,4350,3511,839
91915,8255,6050,2205
91916,664,624,40
91917,205,189,16
91931,145,125,20
91932,9175,2811,6364
91934,150,150,0
91935,2869,2479,390
91941,11656,7255,4401
91942,16318,6318,10000
91945,8548,4543,4005
91948,15,15,0
91950,16787,6021,10766
91962,801,601,200
91963,266,220,46
91977,18984,11082,7902
91978,3331,2164,1167
91980,84,64,20
92003,1773,1222,551
92004,1193,981,212
92007,4469,2590,1879
92008,11410,5249,6161
92009,16469,12075,4394
92010,5963,4257,1706
92011,9451,6302,3149
92014,5924,3840,2084
92019,14566,9671,4895
92020,19156,7643,11513
92021,22463,11329,11134
92024,19544,12589,6955
92025,15760,6634,9126
92026,16853,9948,6905
92027,16363,9775,6588
92028,16575,11071,5504
92029,6996,5227,1769
92036,1105,826,279
92037,17064,9939,7125
92040,15274,9854,5420
92054,15358,6062,9296
92055,195,0,195
92056,19412,12089,7323
92057,19342,12667,6675
92058,14202,3905,10297
92059,481,381,100
92060,63,51,12
92061,699,457,242
92064,15796,11666,4130
92065,11969,9089,2880
92066,194,122,72
92067,2873,2427,446
92069,14927,8451,6476
92070,315,250,65
92071,19611,13863,5748
92075,5330,3077,2253
92078,16986,11440,5546
92081,10424,5585,4839
92082,6021,4853,1168
92083,11290,5130,6160
92084,14879,8501,6378
92086,702,593,109
92091,652,575,77
92101,23297,5631,17666
92102,14592,4103,10489
92103,18118,6241,11877
92104,21017,6071,14946
92105,21777,6535,15242
92106,7461,4298,3163
92107,13758,5490,8268
92108,11097,3002,8095
92109,22554,6428,16126
92110,11476,4694,6782
92111,16892,8457,8435
92113,13088,3616,9472
92114,17994,11812,6182
92115,21425,7019,14406
92116,16553,5583,10970
92117,20865,12304,8561
92118,8396,4279,4117
92119,9335,6629,2706
92120,11387,7842,3545
92121,1798,990,808
92122,19946,6339,13607
92123,11788,5822,5966
92124,10947,5175,5772
92126,25221,13990,11231
92127,15584,10334,5250
92128,20638,13232,7406
92129,17879,11919,5960
92130,19525,12993,6532
92131,11654,9064,2590
92132,0,0,0
92134,0,0,0
92135,0,0,0
92139,10410,6199,4211
92140,0,0,0
92145,692,488,204
92147,0,0,0
92154,21999,12987,9012
92155,0,0,0
92173,7998,2395,5603
92201,22942,14625,8317
92203,11751,8726,3025
92210,2613,2208,405
92211,12788,9543,3245
92220,11667,7547,4120
92222,0,0,0
92223,16599,12820,3779
92225,5891,3161,2730
92227,7043,3978,3065
92230,984,556,428
92231,8825,4837,3988
92233,1043,580,463
92234,17951,10987,6964
92236,14772,10139,4633
92239,98,89,9
92240,11952,5775,6177
92241,3584,2828,756
92242,628,504,124
92243,12945,6793,6152
92249,1836,1158,678
92250,2402,1498,904
92251,5135,3808,1327
92252,3901,2229,1672
92253,15243,11125,4118
92254,2947,1808,1139
92256,1552,1208,344
92257,551,408,143
92258,283,200,83
92259,56,50,6
92260,15607,9206,6401
92262,13233,7688,5545
92264,10917,6904,4013
92266,96,68,28
92267,5,0,5
92268,318,268,50
92270,9406,7587,1819
92273,461,221,240
92274,4980,3551,1429
92275,822,631,191
92276,2707,1878,829
92277,9136,3251,5885
92278,298,0,298
92280,19,0,19
92281,693,317,376
92282,420,289,131
92283,548,289,259
92284,10930,7259,3671
92285,1022,813,209
92301,8077,4182,3895
92304,12,0,12
92305,253,160,93
92307,12868,8546,4322
92308,14291,9344,4947
92309,188,53,135
92310,2500,2,2498
92311,11416,5442,5974
92313,4407,2780,1627
92314,4495,2891,1604
92315,2216,1264,952
92316,7575,5342,2233
92320,3298,2782,516
92321,425,303,122
92322,302,287,15
92324,18075,9470,8605
92325,3388,2208,1180
92327,282,133,149
92328,195,54,141
92332,42,3,39
92333,172,156,16
92335,24837,12480,12357
92336,24524,18603,5921
92337,9766,6912,2854
92338,0,0,0
92339,450,331,119
92341,118,99,19
92342,2502,1945,557
92344,6082,4627,1455
92345,23480,14614,8866
92346,17265,11412,5853
92347,253,223,30
92352,2276,1766,510
92354,7762,3238,4524
92356,2229,1594,635
92358,420,304,116
92359,3092,1990,1102
92363,2234,1164,1070
92364,0,0,0
92365,1038,769,269
92368,293,127,166
92371,5187,3812,1375
92372,2178,1579,599
92373,12841,6769,6072
92374,13696,8187,5509
92376,21468,12586,8882
92377,5340,4678,662
92378,86,86,0
92382,1835,1205,630
92384,10,0,10
92385,89,77,12
92386,998,619,379
92389,87,63,24
92391,927,508,419
92392,15994,9178,6816
92394,8025,5142,2883
92395,13429,6854,6575
92397,1726,1197,529
92398,647,276,371
92399,18769,13485,5284
92401,672,80,592
92404,17722,7647,10075
92405,8862,4047,4815
92407,17028,10169,6859
92408,3713,1346,2367
92410,12482,5107,7375
92411,6430,3320,3110
92501,6706,2872,3834
92503,25016,15759,9257
92504,16538,9771,6767
92505,13517,6928,6589
92506,14871,11159,3712
92507,16763,5388,11375
92508,10244,8052,2192
92509,18963,13091,5872
92518,500,46,454
92530,14959,8582,6377
92532,6908,5304,1604
92536,1059,741,318
92539,1627,1083,544
92543,12833,6379,6454
92544,15314,10266,5048
92545,14948,9885,5063
92548,2356,1452,904
92549,1145,746,399
92551,7868,5145,2723
92553,18331,8876,9455
92555,10774,7969,2805
92557,13743,8979,4764
92561,595,514,81
92562,19745,13447,6298
92563,17952,12404,5548
92567,2577,1833,744
92570,13944,8816,5128
92571,12406,8239,4167
92582,3942,2934,1008
92583,9296,5653,3643
92584,14463,11819,2644
92585,6043,4839,1204
92586,9137,6040,3097
92587,5593,4443,1150
92590,1552,636,916
92591,12968,7725,5243
92592,24505,17984,6521
92595,9504,6724,2780
92596,7927,5954,1973
92602,8735,4314,4421
92603,7292,4857,2435
92604,9698,6038,3660
92606,8660,3819,4841
92610,4857,3644,1213
92612,12736,3955,8781
92614,9804,4365,5439
92617,3991,953,3038
92618,17258,5901,11357
92620,17819,11096,6723
92624,2810,1858,952
92625,5804,3936,1868
92626,19058,7888,11170
92627,22180,8235,13945
92629,11439,7065,4374
92630,21234,14303,6931
92637,11156,8305,2851
92646,21352,16121,5231
92647,21363,9750,11613
92648,19471,9678,9793
92649,14247,8730,5517
92651,11126,7120,4006
92653,9970,7177,2793
92655,2499,896,1603
92656,19252,11684,7568
92657,3884,3263,621
92660,15268,8128,7140
92661,1519,671,848
92662,1350,818,532
92663,10029,4563,5466
92672,14230,7712,6518
92673,10294,8553,1741
92675,12895,9576,3319
92676,847,669,178
92677,25667,17760,7907
92678,218,147,71
92679,10711,9261,1450
92683,27536,14479,13057
92688,16081,10940,5141
92691,16759,12586,4173
92692,17552,13482,4070
92694,8620,6578,2042
92701,13053,3573,9480
92703,13589,6580,7009
92704,20269,10647,9622
92705,14711,10027,4684
92706,9189,5042,4147
92707,13931,7175,6756
92708,18892,12819,6073
92780,19343,8899,10444
92782,8059,4963,3096
92801,17826,6024,11802
92802,11503,4195,7308
92804,24572,10006,14566
92805,19113,7781,11332
92806,12380,4622,7758
92807,12337,9842,2495
92808,7417,5567,1850
92821,13516,7994,5522
92823,1448,1295,153
92831,12407,4855,7552
92832,8209,3040,5169
92833,16375,9482,6893
92835,8502,6142,2360
92840,15131,8286,6845
92841,9559,4901,4658
92843,11761,5438,6323
92844,6715,2742,3973
92845,5655,4560,1095
92860,7149,5870,1279
92861,1979,1870,109
92865,6340,3796,2544
92866,5468,1987,3481
92867,12906,8546,4360
92868,8016,2641,5375
92869,11597,8535,3062
92870,17128,11098,6030
92879,14384,8061,6323
92880,17575,12763,4812
92881,9851,7727,2124
92882,21510,14109,7401
92883,10403,8541,1862
92886,16559,13469,3090
92887,6792,5795,997
93001,12806,5187,7619
93003,19191,11136,8055
93004,10856,7000,3856
93010,15798,9755,6043
93012,13138,9836,3302
93013,6232,3457,2775
93015,5064,3062,2002
93021,11783,8895,2888
93022,2508,1926,582
93023,7989,5134,2855
93030,14954,7281,7673
93033,17109,9586,7523
93035,9982,5830,4152
93036,12879,6660,6219
93040,572,362,210
93041,7194,3199,3995
93042,0,0,0
93043,16,2,14
93060,10001,5355,4646
93063,19096,13549,5547
93064,0,0,0
93065,23865,17537,6328
93066,1070,717,353
93067,295,160,135
93101,12842,3043,9799
93103,7608,3642,3966
93105,11356,6247,5109
93108,4116,3088,1028
93109,4615,2832,1783
93110,6358,4109,2249
93111,6166,4054,2112
93117,15977,6024,9953
93201,378,161,217
93202,1112,627,485
93203,5345,2419,2926
93204,2299,1080,1219
93205,727,507,220
93206,562,258,304
93207,114,107,7
93208,47,0,47
93210,4566,2406,2160
93212,4220,1985,2235
93215,11937,7036,4901
93218,253,177,76
93219,2520,1082,1438
93220,58,0,58
93221,4800,3328,1472
93222,683,589,94
93223,2760,1754,1006
93224,159,103,56
93225,1812,1090,722
93226,107,89,18
93230,21799,12449,9350
93234,1852,512,1340
93235,1245,698,547
93238,538,332,206
93239,349,158,191
93240,2707,1631,1076
93241,4150,1601,2549
93242,1056,506,550
93243,776,486,290
93244,160,134,26
93245,12194,5505,6689
93247,5246,2867,2379
93249,541,178,363
93250,3733,2070,1663
93251,78,49,29
93252,542,311,231
93254,280,157,123
93255,326,277,49
93256,1560,575,985
93257,21804,11601,10203
93258,558,259,299
93260,87,57,30
93261,743,296,447
93262,0,0,0
93263,5516,2834,2682
93265,1717,1399,318
93266,339,105,234
93267,1774,974,800
93268,5710,3003,2707
93270,1569,974,595
93271,1075,882,193
93272,1094,404,690
93274,21580,11902,9678
93276,61,28,33
93277,18022,10094,7928
93280,6251,3557,2694
93283,1028,784,244
93285,1208,1021,187
93286,2859,1709,1150
93287,45,45,0
93291,16769,10589,6180
93292,13275,8113,5162
93301,4651,1367,3284
93304,15060,6672,8388
93305,10844,3831,7013
93306,22240,14212,8028
93307,22006,11357,10649
93308,19454,8888,10566
93309,21718,9807,11911
93311,14551,10339,4212
93312,19560,15267,4293
93313,13981,10140,3841
93314,8934,7557,1377
93401,12088,5590,6498
93402,6503,4503,2000
93405,8574,2945,5629
93410,0,0,0
93420,11634,7989,3645
93422,12791,8282,4509
93424,512,277,235
93426,497,396,101
93427,2123,1430,693
93428,2881,2101,780
93429,36,36,0
93430,1478,905,573
93432,451,402,49
93433,5216,2366,2850
93434,2014,1028,986
93436,17978,9196,8782
93437,917,0,917
93440,485,258,227
93441,403,292,111
93442,4968,2939,2029
93444,7148,5333,1815
93445,2468,1458,1010
93446,17438,11546,5892
93449,4245,2627,1618
93450,229,49,180
93451,1331,848,483
93452,277,66,211
93453,1309,925,384
93454,11695,6066,5629
93455,15245,11283,3962
93458,13230,5845,7385
93460,1939,1493,446
93461,539,266,273
93463,3247,2044,1203
93465,3285,2469,816
93501,1845,744,1101
93505,4008,2040,1968
93510,2703,2478,225
93512,134,112,22
93513,750,532,218
93514,6159,4067,2092
93516,986,539,447
93517,232,226,6
93518,425,318,107
93519,22,22,0
93522,43,43,0
93523,1141,220,921
93524,0,0,0
93526,288,196,92
93527,675,492,183
93528,80,30,50
93529,200,161,39
93530,15,15,0
93531,129,103,26
93532,1039,776,263
93534,13943,4664,9279
93535,20976,11795,9181
93536,21529,14617,6912
93541,146,91,55
93543,3711,2428,1283
93544,521,472,49
93545,829,469,360
93546,3080,1599,1481
93549,112,89,23
93550,21577,11367,10210
93551,15932,12232,3700
93552,9972,7535,2437
93553,724,541,183
93554,56,47,9
93555,12980,8464,4516
93558,31,15,16
93560,6969,4361,2608
93561,11574,8704,2870
93562,756,391,365
93563,127,90,37
93591,1886,1328,558
93592,49,26,23
93601,652,491,161
93602,1499,1289,210
93603,73,46,27
93604,310,295,15
93605,53,17,36
93606,221,123,98
93608,270,126,144
93609,1538,803,735
93610,4891,2481,2410
93611,15615,11345,4270
93612,13606,4883,8723
93614,4562,3996,566
93615,1521,676,845
93616,686,369,317
93618,8074,4221,3853
93619,12342,10641,1701
93620,2826,1723,1103
93621,64,33,31
93622,2820,1149,1671
93623,58,58,0
93624,218,6,212
93625,2350,1191,1159
93626,722,605,117
93627,39,0,39
93628,87,38,49
93630,5341,2696,2645
93631,5350,3459,1891
93633,0,0,0
93634,2,2,0
93635,11353,6248,5105
93636,4044,3611,433
93637,12305,7111,5194
93638,12275,6330,5945
93640,2847,1012,1835
93641,113,91,22
93643,1257,1003,254
93644,3543,2545,998
93645,88,88,0
93646,2786,1149,1637
93647,2889,1415,1474
93648,4299,1827,2472
93650,1308,599,709
93651,713,621,92
93652,103,37,66
93653,530,474,56
93654,8753,5682,3071
93656,1670,883,787
93657,10529,6560,3969
93660,1120,412,708
93662,8496,4916,3580
93664,210,167,43
93665,250,214,36
93666,231,39,192
93667,875,680,195
93668,359,203,156
93669,80,47,33
93673,184,99,85
93675,1286,1158,128
93701,3376,495,2881
93702,11894,4080,7814
93703,9889,3721,6168
93704,11302,6034,5268
93705,12109,4990,7119
93706,11087,4430,6657
93710,11238,4487,6751
93711,15945,9401,6544
93720,17979,10295,7684
93721,2000,227,1773
93722,24718,14039,10679
93723,3836,3104,732
93725,6666,3547,3119
93726,14130,5454,8676
93727,24224,13907,10317
93728,5781,2350,3431
93730,4223,3159,1064
93901,9690,4059,5631
93905,12899,4952,7947
93906,16920,8860,8060
93907,7235,5207,2028
93908,4514,3681,833
93920,485,95,390
93921,1674,1007,667
93923,5489,4243,1246
93924,2550,1891,659
93925,420,166,254
93926,2315,1100,1215
93927,4133,1883,2250
93928,17,0,17
93930,4255,2163,2092
93932,260,135,125
93933,8838,3560,5278
93940,13044,5559,7485
93943,0,0,0
93950,6845,3254,3591
93953,1750,1455,295
93954,100,42,58
93955,10606,4280,6326
93960,4081,2412,1669
93962,142,75,67
94002,10380,6308,4072
94005,1836,1354,482
94010,16037,9460,6577
94014,14028,8169,5859
94015,20052,11199,8853
94019,7328,5124,2204
94020,607,436,171
94021,61,14,47
94022,7165,5776,1389
94024,7845,6979,866
94025,14964,9172,5792
94027,2313,2132,181
94028,2543,2056,487
94030,8047,5161,2886
94037,1064,905,159
94038,1110,857,253
94040,14444,6016,8428
94041,6368,2008,4360
94043,13024,5965,7059
94044,13954,9591,4363
94060,318,239,79
94061,13894,7113,6781
94062,10248,7537,2711
94063,10092,3596,6496
94065,5192,3593,1599
94066,14807,8546,6261
94070,11638,8459,3179
94074,94,74,20
94080,21204,12974,8230
94085,8361,3124,5237
94086,19461,6377,13084
94087,20180,11559,8621
94089,8101,4913,3188
94102,17841,1478,16363
94103,14841,2310,12531
94104,272,36,236
94105,4908,2096,2812
94107,13961,5632,8329
94108,7833,805,7028
94109,33108,5301,27807
94110,27736,10001,17735
94111,2160,459,1701
94112,23266,14961,8305
94114,16860,7642,9218
94115,17208,4641,12567
94116,16247,11174,5073
94117,18204,5505,12699
94118,17657,6229,11428
94121,17641,7760,9881
94122,23141,11310,11831
94123,13918,3629,10289
94124,11041,5694,5347
94127,7532,5995,1537
94128,0,0,0
94129,1288,11,1277
94130,595,0,595
94131,13284,7392,5892
94132,10280,4408,5872
94133,12995,2491,10504
94134,12044,7289,4755
94158,3812,1026,2786
94301,7177,3668,3509
94303,14004,7474,6530
94304,1845,241,1604
94305,3459,964,2495
94306,10676,5964,4712
94401,12459,6076,6383
94402,9623,6561,3062
94403,16382,9092,7290
94404,14260,8249,6011
94501,25347,10454,14893
94502,5018,3991,1027
94503,5442,4211,1231
94505,5473,4423,1050
94506,8279,7372,907
94507,5335,4990,345
94508,1073,592,481
94509,21586,11793,9793
94510,11179,7952,3227
94511,885,742,143
94512,16,16,0
94513,20386,15403,4983
94514,447,331,116
94515,2970,1838,1132
94516,66,46,20
94517,4731,4376,355
94518,10539,7178,3361
94519,6949,4820,2129
94520,13531,4501,9030
94521,16088,11374,4714
94523,13863,8796,5067
94525,1404,708,696
94526,12233,10183,2050
94528,163,163,0
94530,10202,6025,4177
94531,12507,8763,3744
94533,23867,12658,11209
94534,12979,9883,3096
94535,1057,15,1042
94536,24517,14080,10437
94538,22095,10320,11775
94539,16317,13527,2790
94541,21713,9405,12308
94542,4330,2860,1470
94544,22991,10839,12152
94545,9340,6495,2845
94546,16325,10780,5545
94547,8098,6525,1573
94548,197,146,51
94549,10869,8101,2768
94550,18036,13187,4849
94551,15530,11163,4367
94552,5112,4584,528
94553,18949,12711,6238
94555,11545,7947,3598
94556,5949,4821,1128
94558,24302,16349,7953
94559,10211,5015,5196
94560,13677,9466,4211
94561,12216,9346,2870
94563,7071,6341,730
94564,6666,4629,2037
94565,27947,15735,12212
94566,16434,11839,4595
94567,251,169,82
94568,18310,11676,6634
94569,108,24,84
94571,4555,3648,907
94572,3329,2033,1296
94573,10,0,10
94574,3614,2276,1338
94575,0,0,0
94576,38,30,8
94577,17193,9304,7889
94578,14538,5676,8862
94579,7052,5140,1912
94580,8917,6157,2760
94582,13620,9566,4054
94583,12003,8723,3280
94585,9395,5639,3756
94586,317,243,74
94587,21484,13839,7645
94588,12551,8517,4034
94589,9643,5823,3820
94590,14557,5465,9092
94591,18658,12130,6528
94592,308,231,77
94595,9628,8100,1528
94596,9736,4024,5712
94597,10388,5015,5373
94598,10247,7816,2431
94599,1418,986,432
94601,15430,4880,10550
94602,11854,6790,5064
94603,9901,4540,5361
94605,15951,8973,6978
94606,15201,2901,12300
94607,11300,3492,7808
94608,14114,5144,8970
94609,9740,2804,6936
94610,15327,5626,9701
94611,17494,10482,7012
94612,8788,733,8055
94613,4,0,4
94618,7285,4702,2583
94619,9063,5967,3096
94621,9602,3123,6479
94702,7466,3381,4085
94703,8729,3683,5046
94704,7998,853,7145
94705,5805,3254,2551
94706,7905,3732,4173
94707,4861,4071,790
94708,4812,4106,706
94709,5004,1428,3576
94710,2936,1004,1932
94720,22,22,0
94801,9263,4068,5195
94803,9400,6780,2620
94804,14419,6519,7900
94805,5299,3285,2014
94806,19773,9172,10601
94850,0,0,0
94901,15679,7082,8597
94903,12139,8450,3689
94904,5355,3433,1922
94920,5355,3773,1582
94922,230,145,85
94923,500,303,197
94924,562,351,211
94925,3893,2697,1196
94928,15998,8438,7560
94929,76,43,33
94930,3810,2631,1179
94931,3229,1924,1305
94933,289,156,133
94937,417,216,201
94938,330,278,52
94939,3307,1699,1608
94940,93,77,16
94941,13429,9167,4262
94945,7306,4822,2484
94946,288,220,68
94947,10358,7831,2527
94949,7202,4528,2674
94950,63,35,28
94951,1811,1316,495
94952,13726,8218,5508
94954,13754,9334,4420
94956,657,332,325
94957,474,404,70
94960,6380,4874,1506
94963,172,150,22
94964,97,11,86
94965,5905,2827,3078
94970,360,223,137
94971,144,88,56
94972,12,12,0
94973,751,593,158
95002,560,393,167
95003,10153,7550,2603
95004,1252,942,310
95005,2787,2036,751
95006,3991,3003,988
95007,286,238,48
95008,18256,9415,8841
95010,4095,2007,2088
95012,2482,1069,1413
95013,28,12,16
95014,21378,12625,8753
95017,260,160,100
95018,2856,2212,644
95019,2277,772,1505
95020,18743,11632,7111
95023,15429,9948,5481
95030,5070,3663,1407
95032,9836,6819,3017
95033,3608,3030,578
95035,22688,14705,7983
95037,17265,12611,4654
95039,349,237,112
95041,82,28,54
95043,277,168,109
95045,1378,710,668
95046,1755,1228,527
95050,14270,4752,9518
95051,21161,10274,10887
95053,8,8,0
95054,8360,3669,4691
95060,18617,9464,9153
95062,15106,7852,7254
95064,473,177,296
95065,3199,2234,965
95066,5644,3968,1676
95070,11091,9418,1673
95073,3926,2892,1034
95075,153,93,60
95076,23480,12538,10942
95110,6377,2431,3946
95111,15783,9313,6470
95112,20316,5879,14437
95113,1115,180,935
95116,14407,5395,9012
95117,10722,4000,6722
95118,11265,7551,3714
95119,3263,2433,830
95120,12516,11124,1392
95121,9709,7060,2649
95122,12741,6381,6360
95123,22645,14371,8274
95124,17057,12655,4402
95125,20966,13599,7367
95126,14939,5008,9931
95127,16567,10929,5638
95128,13785,5562,8223
95129,13875,8399,5476
95130,5137,3067,2070
95131,9528,6215,3313
95132,12127,8877,3250
95133,8648,4996,3652
95134,11419,1885,9534
95135,7450,6372,1078
95136,15767,9110,6657
95138,6172,5338,834
95139,2249,1766,483
95140,79,44,35
95148,12092,9888,2204
95202,2850,134,2716
95203,5498,1955,3543
95204,11186,5730,5456
95205,10855,4519,6336
95206,17277,8788,8489
95207,18222,6972,11250
95209,13121,8755,4366
95210,11805,5278,6527
95211,0,0,0
95212,7038,5097,1941
95215,6795,3988,2807
95219,10895,5999,4896
95220,2547,1790,757
95222,2380,1560,820
95223,1363,1060,303
95224,125,113,12
95225,161,61,100
95226,16,0,16
95227,261,182,79
95228,1731,1526,205
95230,183,91,92
95231,801,317,484
95232,80,80,0
95233,198,133,65
95234,26,0,26
95236,1532,1046,486
95237,1250,888,362
95240,16319,8002,8317
95242,10046,6379,3667
95245,774,621,153
95246,609,469,140
95247,1769,1445,324
95248,94,80,14
95249,1571,984,587
95250,0,0,0
95251,258,227,31
95252,5011,4125,886
95254,431,431,0
95255,670,487,183
95257,190,131,59
95258,1501,1151,350
95301,11611,6654,4957
95303,316,121,195
95304,3734,2659,1075
95305,17,0,17
95306,492,377,115
95307,12408,7409,4999
95310,992,652,340
95311,841,694,147
95312,91,62,29
95313,447,224,223
95314,0,0,0
95315,3636,2356,1280
95316,2114,1547,567
95317,270,101,169
95318,127,20,107
95319,569,225,344
95320,4530,3033,1497
95321,1669,1219,450
95322,3288,1932,1356
95323,392,232,160
95324,2757,1686,1071
95325,47,34,13
95326,3371,2109,1262
95327,2447,1957,490
95328,1219,715,504
95329,1062,787,275
95330,5453,3871,1582
95333,823,562,261
95334,4532,2374,2158
95335,109,23,86
95336,15429,8962,6467
95337,11538,7255,4283
95338,4843,3353,1490
95340,11964,6306,5658
95341,8365,3499,4866
95345,394,232,162
95346,726,484,242
95348,10895,4144,6751
95350,19826,9855,9971
95351,13330,5895,7435
95354,8818,4201,4617
95355,21291,12817,8474
95356,11628,7345,4283
95357,3602,2598,1004
95358,8973,5172,3801
95360,3830,2420,1410
95361,12020,7593,4427
95363,7273,4577,2696
95364,0,0,0
95365,1324,721,603
95366,5944,4177,1767
95367,7360,5128,2232
95368,4061,2808,1253
95369,374,180,194
95370,11877,7940,3937
95372,826,678,148
95374,527,278,249
95375,0,0,0
95376,15783,8803,6980
95377,9025,6514,2511
95379,1492,930,562
95380,14121,6460,7661
95382,13344,7942,5402
95383,1811,1409,402
95385,176,73,103
95386,2976,2034,942
95387,167,20,147
95388,3968,2068,1900
95389,266,45,221
95391,4399,3173,1226
95401,13505,7145,6360
95403,16532,8772,7760
95404,16294,9155,7139
95405,8369,4932,3437
95407,12702,6522,6180
95409,12176,7832,4344
95410,477,308,169
95412,152,117,35
95415,414,200,214
95417,157,107,50
95420,227,160,67
95421,732,531,201
95422,6129,3051,3078
95423,1679,1205,474
95425,3935,2631,1304
95426,591,456,135
95427,126,67,59
95428,947,657,290
95429,64,64,0
95430,7,0,7
95431,0,0,0
95432,240,137,103
95435,14,14,0
95436,2852,2058,794
95437,5872,3382,2490
95439,232,112,120
95441,670,333,337
95442,1381,853,528
95443,139,36,103
95444,244,158,86
95445,1034,853,181
95446,2418,1548,870
95448,6893,4382,2511
95449,508,242,266
95450,160,69,91
95451,4724,3582,1142
95452,481,464,17
95453,4618,2986,1632
95454,1147,791,356
95456,437,286,151
95457,1347,1092,255
95458,1206,770,436
95459,232,176,56
95460,1129,744,385
95461,1037,625,412
95462,622,454,168
95463,89,73,16
95464,963,679,284
95465,1027,803,224
95466,333,140,193
95467,2284,1684,600
95468,599,322,277
95469,779,425,354
95470,2016,1461,555
95471,261,130,131
95472,12565,8514,4051
95476,15296,9906,5390
95482,11396,6154,5242
95485,1058,874,184
95486,56,17,39
95488,107,62,45
95490,5340,3066,2274
95492,10056,7537,2519
95493,123,93,30
95494,47,20,27
95497,601,483,118
95501,9870,4082,5788
95503,9863,6618,3245
95511,116,89,27
95514,56,56,0
95519,7333,4754,2579
95521,8567,3872,4695
95524,757,594,163
95525,661,396,265
95526,124,96,28
95527,309,252,57
95528,493,391,102
95531,8337,5119,3218
95536,1079,568,511
95537,189,114,75
95540,5395,3108,2287
95542,1024,594,430
95543,267,216,51
95545,36,36,0
95546,1219,864,355
95547,436,316,120
95548,425,254,171
95549,364,293,71
95550,32,5,27
95551,572,333,239
95552,315,244,71
95553,469,244,225
95554,120,95,25
95555,148,69,79
95556,248,177,71
95558,198,150,48
95559,50,19,31
95560,570,303,267
95562,1405,785,620
95563,312,187,125
95564,165,40,125
95565,301,59,242
95567,770,526,244
95568,78,60,18
95569,134,101,33
95570,1021,803,218
95571,121,94,27
95573,665,383,282
95585,224,139,85
95587,39,39,0
95589,503,385,118
95595,70,61,9
95601,64,30,34
95602,7069,5306,1763
95603,11851,7757,4094
95604,53,41,12
95605,4925,1816,3109
95606,99,51,48
95607,147,147,0
95608,25109,13690,11419
95610,17670,8601,9069
95612,406,253,153
95614,1534,1361,173
95615,289,80,209
95616,17381,6109,11272
95618,9571,5528,4043
95619,2030,1497,533
95620,6660,4472,2188
95621,16303,10540,5763
95623,1479,1264,215
95624,19612,15009,4603
95625,59,9,50
95626,1999,1558,441
95627,1209,795,414
95628,16087,11087,5000
95629,281,195,86
95630,27251,19075,8176
95631,2582,2050,532
95632,9716,6987,2729
95633,1306,1265,41
95634,1386,1022,364
95635,392,361,31
95636,451,451,0
95637,83,36,47
95638,750,703,47
95639,109,44,65
95640,2938,2244,694
95641,732,477,255
95642,2991,2091,900
95645,616,320,296
95646,27,6,21
95648,19420,15449,3971
95650,5161,4214,947
95651,280,236,44
95652,173,0,173
95653,137,109,28
95655,1367,1075,292
95658,2727,2235,492
95659,360,209,151
95660,10671,5484,5187
95661,12084,7312,4772
95662,12055,8692,3363
95663,883,790,93
95664,537,387,150
95665,1764,1438,326
95666,2312,1988,324
95667,14222,11032,3190
95668,279,193,86
95669,853,677,176
95670,20519,11258,9261
95672,1842,1608,234
95673,4839,3464,1375
95674,290,211,79
95675,215,160,55
95677,9153,6181,2972
95678,16437,8964,7473
95679,26,26,0
95680,10,10,0
95681,354,271,83
95682,11010,8239,2771
95683,2543,2323,220
95684,1344,1064,280
95685,1968,1347,621
95686,371,186,185
95687,22429,13473,8956
95688,13234,8681,4553
95689,703,646,57
95690,757,413,344
95691,13266,8085,5181
95692,1787,1163,624
95693,2431,1977,454
95694,3594,2342,1252
95695,14625,7768,6857
95697,144,118,26
95698,69,34,35
95699,20,20,0
95701,335,269,66
95703,424,361,63
95709,1929,1694,235
95713,3946,2964,982
95714,207,153,54
95715,40,34,6
95717,70,40,30
95720,37,35,2
95721,15,15,0
95722,1951,1787,164
95724,0,0,0
95726,3343,2641,702
95728,103,75,28
95735,6,6,0
95736,45,0,45
95742,3507,3003,504
95746,8249,7171,1078
95747,22670,17575,5095
95757,13852,10083,3769
95758,21018,14427,6591
95762,14147,12359,1788
95765,12447,8384,4063
95776,7432,4617,2815
95811,3299,636,2663
95814,6425,486,5939
95815,9236,3075,6161
95816,9874,2882,6992
95817,6004,2446,3558
95818,9774,5109,4665
95819,7972,5489,2483
95820,12708,6703,6005
95821,14788,6275,8513
95822,15993,8905,7088
95823,23359,10673,12686
95824,8925,3425,5500
95825,15976,3842,12134
95826,15032,7839,7193
95827,7232,4177,3055
95828,17762,10726,7036
95829,8279,6341,1938
95830,290,271,19
95831,18587,10482,8105
95832,3156,1391,1765
95833,14722,6264,8458
95834,10141,4296,5845
95835,13526,8370,5156
95837,115,84,31
95838,11083,5539,5544
95841,8212,2859,5353
95842,11230,5227,6003
95843,14206,9550,4656
95864,9343,7073,2270
95901,11785,6049,5736
95903,343,0,343
95910,37,37,0
95912,1506,982,524
95914,368,283,85
95915,0,0,0
95916,512,415,97
95917,1147,766,381
95918,1109,929,180
95919,539,429,110
95920,115,89,26
95922,225,178,47
95923,14,14,0
95925,161,101,60
95926,14986,6466,8520
95928,14463,6702,7761
95930,63,43,20
95932,2802,1585,1217
95934,144,109,35
95935,219,98,121
95936,86,39,47
95937,517,382,135
95938,1534,968,566
95939,212,88,124
95941,283,240,43
95942,321,321,0
95943,339,189,150
95944,20,9,11
95945,11136,6347,4789
95946,3950,3234,716
95947,812,655,157
95948,3645,2112,1533
95949,8347,7373,974
95950,126,37,89
95951,856,515,341
95953,3275,2036,1239
95954,5346,4201,1145
95955,523,325,198
95956,135,135,0
95957,316,190,126
95959,7510,5896,1614
95960,352,231,121
95961,8821,5604,3217
95962,617,457,160
95963,5352,3326,2026
95965,6892,3924,2968
95966,11181,7871,3310
95968,486,334,152
95969,11762,8367,3395
95970,237,161,76
95971,2413,1466,947
95973,14041,8542,5499
95974,17,0,17
95975,658,551,107
95977,703,530,173
95978,58,19,39
95979,206,132,74
95981,12,12,0
95982,1150,868,282
95983,177,163,14
95984,33,33,0
95986,30,24,6
95987,1803,1197,606
95988,3220,1847,1373
95991,14321,6724,7597
95993,12116,7994,4122
96001,13939,8033,5906
96002,12658,7332,5326
96003,18058,10519,7539
96006,166,148,18
96007,9051,6099,2952
96008,490,449,41
96009,177,151,26
96010,57,49,8
96011,68,43,25
96013,1745,1052,693
96014,88,47,41
96015,69,21,48
96016,173,156,17
96017,78,56,22
96019,3744,2350,1394
96020,1019,690,329
96021,5693,3717,1976
96022,6218,4859,1359
96023,464,303,161
96024,443,356,87
96025,950,562,388
96027,1001,776,225
96028,505,427,78
96029,73,56,17
96031,60,54,6
96032,1067,718,349
96033,218,167,51
96034,125,63,62
96035,1290,938,352
96037,144,102,42
96038,294,155,139
96039,449,267,182
96040,102,102,0
96041,1239,768,471
96044,456,323,133
96046,79,54,25
96047,365,291,74
96048,320,268,52
96049,26,20,6
96050,223,157,66
96051,581,437,144
96052,584,383,201
96054,158,117,41
96055,1556,1105,451
96056,701,581,120
96057,620,482,138
96058,261,184,77
96059,245,154,91
96061,11,11,0
96062,424,328,96
96063,118,71,47
96064,1889,1379,510
96065,170,103,67
96067,3330,2131,1199
96068,53,24,29
96069,355,299,56
96071,24,24,0
96073,1489,1376,113
96074,58,39,19
96075,139,125,14
96076,84,72,12
96080,11136,6543,4593
96084,161,127,34
96085,28,28,0
96086,148,115,33
96087,266,217,49
96088,1996,1736,260
96090,191,133,58
96091,330,248,82
96092,122,83,39
96093,1703,963,740
96094,2882,1801,1081
96096,291,241,50
96097,4323,2733,1590
96101,2304,1751,553
96103,727,585,142
96104,259,209,50
96105,77,77,0
96106,92,69,23
96107,493,333,160
96108,42,42,0
96109,407,304,103
96110,69,45,24
96111,61,61,0
96112,78,52,26
96113,390,188,202
96114,1375,1135,240
96115,74,71,3
96116,101,101,0
96117,136,118,18
96118,650,490,160
96119,21,5,16
96120,267,228,39
96121,137,117,20
96122,1399,981,418
96123,11,6,5
96124,187,177,10
96125,108,108,0
96126,55,41,14
96128,280,280,0
96129,156,156,0
96130,5233,3134,2099
96132,36,22,14
96133,51,9,42
96134,722,440,282
96135,90,90,0
96136,36,36,0
96137,1591,1242,349
96140,479,327,152
96141,146,140,6
96142,330,242,88
96143,1450,827,623
96145,1051,719,332
96146,454,305,149
96148,210,127,83
96150,11536,6195,5341
96155,0,0,0
96161,6929,5086,1843
96701,13209,8416,4793
96703,590,453,137
96704,2610,1707,903
96705,786,534,252
96706,19191,13239,5952
96707,13211,8811,4400
96708,3630,2219,1411
96710,122,98,24
96712,2500,1449,1051
96713,395,243,152
96714,350,150,200
96716,889,651,238
96717,1309,642,667
96719,511,316,195
96720,17162,10578,6584
96722,863,661,202
96725,1059,693,366
96726,105,62,43
96727,1527,1129,398
96728,178,142,36
96729,333,283,50
96730,497,318,179
96731,808,538,270
96732,7648,4830,2818
96734,15688,9444,6244
96737,1656,1267,389
96738,2587,1829,758
96740,13711,8516,5195
96741,2047,1386,661
96742,47,2,45
96743,4364,2629,1735
96744,16229,12114,4115
96746,6639,4176,2463
96747,228,0,228
96748,1513,1053,460
96749,5783,4540,1243
96750,1197,676,521
96751,44,44,0
96752,1125,771,354
96753,10571,5759,4812
96754,986,728,258
96755,1058,707,351
96756,2126,1151,975
96757,235,147,88
96759,118,0,118
96760,1061,887,174
96761,7590,3813,3777
96762,929,338,591
96763,1143,693,450
96764,246,202,44
96765,162,91,71
96766,4932,3114,1818
96768,6408,4209,2199
96769,93,0,93
96770,239,78,161
96771,2867,2124,743
96772,874,682,192
96773,26,26,0
96774,97,97,0
96776,463,310,153
96777,530,396,134
96778,5849,4094,1755
96779,830,578,252
96780,208,137,71
96781,455,330,125
96782,11407,7536,3871
96783,639,413,226
96785,1467,1180,287
96786,12684,3443,9241
96789,17637,12973,4664
96790,3604,2443,1161
96791,2304,1343,961
96792,12058,7088,4970
96793,10125,6337,3788
96795,2352,1660,692
96796,664,301,363
96797,18708,12076,6632
96813,10463,4739,5724
96814,10179,3972,6207
96815,13376,5789,7587
96816,17268,10620,6648
96817,19225,7611,11614
96818,18286,6284,12002
96819,12066,5675,6391
96821,6365,5376,989
96822,18253,9498,8755
96825,10406,8516,1890
96826,14799,4189,10610
96850,0,0,0
96853,0,0,0
96857,0,0,0
96859,0,0,0
96860,0,0,0
96863,0,0,0
97001,78,21,57
97002,2185,1873,312
97004,1685,1483,202
97005,11156,3992,7164
97006,26610,13777,12833
97007,25312,18167,7145
97008,11914,6852,5062
97009,2942,2568,374
97011,276,276,0
97013,8652,6090,2562
97014,510,304,206
97015,8675,5458,3217
97016,2420,1904,516
97017,1074,983,91
97018,821,633,188
97019,1264,1149,115
97020,361,327,34
97021,425,279,146
97022,1373,1158,215
97023,3739,2972,767
97024,4081,2465,1616
97026,1151,858,293
97027,4764,3007,1757
97028,93,67,26
97029,129,74,55
97030,14453,6458,7995
97031,7264,4727,2537
97032,1674,1214,460
97033,32,8,24
97034,7916,6133,1783
97035,11149,7472,3677
97037,411,251,160
97038,5553,4198,1355
97039,207,136,71
97040,547,359,188
97041,804,617,187
97042,1047,872,175
97045,20290,15280,5010
97048,2656,2116,540
97049,685,585,100
97050,103,71,32
97051,6063,4067,1996
97053,1270,1076,194
97054,686,621,65
97055,6735,5123,1612
97056,4510,3187,1323
97057,9,8,1
97058,8121,4952,3169
97060,7458,4903,2555
97062,11359,6538,4821
97063,474,394,80
97064,1264,1065,199
97065,265,187,78
97067,916,647,269
97068,11162,8861,2301
97070,9858,4597,5261
97071,9152,5777,3375
97080,15558,11080,4478
97086,11163,7310,3853
97089,4632,4140,492
97101,1382,1046,336
97102,149,149,0
97103,7479,4827,2652
97106,1605,1381,224
97107,711,546,165
97108,204,182,22
97109,184,176,8
97110,489,183,306
97111,1273,1004,269
97112,814,620,194
97113,4478,3504,974
97114,1487,1080,407
97115,1437,1253,184
97116,9363,5836,3527
97117,255,224,31
97118,359,238,121
97119,1614,1332,282
97121,570,283,287
97122,190,178,12
97123,16146,11022,5124
97124,20834,10262,10572
97125,59,59,0
97127,1295,1122,173
97128,14067,8985,5082
97130,232,187,45
97131,1201,972,229
97132,10403,7051,3352
97133,1611,1360,251
97134,106,106,0
97135,366,265,101
97136,756,522,234
97137,429,275,154
97138,4334,2207,2127
97140,8772,6964,1808
97141,5293,3193,2100
97144,34,34,0
97145,179,128,51
97146,2429,1768,661
97147,157,81,76
97148,1278,1092,186
97149,407,362,45
97201,9116,2714,6402
97202,18402,9137,9265
97203,12198,6860,5338
97204,417,38,379
97205,4992,881,4111
97206,20247,12768,7479
97208,0,0,0
97209,12047,2760,9287
97210,6523,2671,3852
97211,13302,8728,4574
97212,10888,7076,3812
97213,13966,8665,5301
97214,12614,4275,8339
97215,7772,4856,2916
97216,6609,3101,3508
97217,14480,8767,5713
97218,5481,3216,2265
97219,16724,11994,4730
97220,11544,6249,5295
97221,5193,3880,1313
97222,15480,8432,7048
97223,19486,11867,7619
97224,14563,9977,4586
97225,11537,6157,5380
97227,2350,705,1645
97229,24393,17253,7140
97230,15260,8769,6491
97231,1686,1458,228
97232,6689,2007,4682
97233,13546,6050,7496
97236,13181,7633,5548
97239,8704,4222,4482
97266,12363,6743,5620
97267,13019,9290,3729
97301,18286,7644,10642
97302,15851,9433,6418
97303,14608,8772,5836
97304,11753,7763,3990
97305,14348,7642,6706
97306,12274,7592,4682
97317,7675,4907,2768
97321,10450,7635,2815
97322,13969,7550,6419
97324,491,380,111
97325,2327,1811,516
97326,391,332,59
97327,1305,973,332
97329,82,48,34
97330,17746,8879,8867
97331,0,0,0
97333,9295,4318,4977
97338,8121,5897,2224
97341,1278,843,435
97342,74,33,41
97343,94,66,28
97344,481,393,88
97345,181,124,57
97346,373,279,94
97347,805,578,227
97348,551,358,193
97350,91,59,32
97351,3625,1966,1659
97352,2062,1434,628
97355,11592,7401,4191
97357,100,90,10
97358,1093,989,104
97360,936,554,382
97361,4203,2254,1949
97362,1535,978,557
97364,248,150,98
97365,4894,2784,2110
97366,803,565,238
97367,4375,2306,2069
97368,1506,1114,392
97369,94,81,13
97370,3262,2540,722
97371,240,183,57
97373,0,0,0
97374,1782,1350,432
97375,447,408,39
97376,488,403,85
97377,369,261,108
97378,2356,1602,754
97380,1082,750,332
97381,5808,4183,1625
97383,3444,2024,1420
97384,0,0,0
97385,1358,933,425
97386,5268,3718,1550
97388,413,326,87
97389,601,416,185
97390,389,245,144
97391,2160,1545,615
97392,2376,1859,517
97394,2313,1725,588
97396,1180,814,366
97401,20474,6010,14464
97402,20918,10121,10797
97403,3982,1964,2018
97404,13391,9308,4083
97405,19468,13043,6425
97406,13,13,0
97408,5579,3573,2006
97410,373,231,142
97411,3374,2147,1227
97412,195,155,40
97413,468,316,152
97414,152,27,125
97415,6561,4482,2079
97416,391,280,111
97417,1050,647,403
97419,523,451,72
97420,11465,7145,4320
97423,2790,1916,874
97424,7259,5167,2092
97426,3758,2706,1052
97429,318,230,88
97430,162,114,48
97431,866,710,156
97434,322,260,62
97435,901,710,191
97436,402,319,83
97437,1071,915,156
97438,428,336,92
97439,6912,4784,2128
97441,158,67,91
97442,842,442,400
97443,784,514,270
97444,2465,1764,701
97446,1783,1379,404
97447,225,154,71
97448,5133,3649,1484
97449,1096,944,152
97450,176,140,36
97451,126,115,11
97452,640,539,101
97453,455,299,156
97454,531,481,50
97455,939,770,169
97456,1078,830,248
97457,3991,2940,1051
97458,1955,1321,634
97459,5377,3489,1888
97461,257,213,44
97462,1638,1156,482
97463,1684,1174,510
97465,1044,713,331
97466,443,284,159
97467,2168,1433,735
97469,1052,728,324
97470,8783,5606,3177
97471,12424,8657,3767
97473,128,116,12
97476,181,181,0
97477,15811,7710,8101
97478,14526,9726,4800
97479,3923,2783,1140
97480,161,95,66
97481,300,233,67
97484,103,76,27
97486,265,249,16
97487,3394,2619,775
97488,491,414,77
97489,385,322,63
97490,86,63,23
97492,289,233,56
97493,159,126,33
97494,15,15,0
97495,728,558,170
97496,3087,1905,1182
97497,658,511,147
97498,752,475,277
97499,776,577,199
97501,17798,9553,8245
97502,10830,7634,3196
97503,3895,3037,858
97504,19201,10947,8254
97520,11592,6827,4765
97522,273,209,64
97523,2571,1779,792
97524,5977,4287,1690
97525,1818,1573,245
97526,14831,9301,5530
97527,14976,10273,4703
97530,3051,2118,933
97531,404,257,147
97532,1036,781,255
97534,363,234,129
97535,2463,1646,817
97536,448,328,120
97537,3212,2125,1087
97538,763,620,143
97539,1585,1242,343
97540,3756,2361,1395
97541,646,517,129
97543,274,198,76
97544,974,779,195
97601,9681,4882,4799
97603,11639,7841,3798
97604,8,0,8
97620,85,39,46
97621,75,50,25
97622,218,171,47
97623,1072,934,138
97624,1494,1217,277
97625,93,71,22
97626,32,0,32
97627,268,254,14
97630,2139,1388,751
97632,545,390,155
97633,548,426,122
97634,68,63,5
97635,90,90,0
97636,194,123,71
97637,51,39,12
97638,172,127,45
97639,330,281,49
97640,77,45,32
97641,681,372,309
97701,27943,16573,11370
97702,18930,13386,5544
97707,2588,1900,688
97710,62,36,26
97711,24,21,3
97712,22,0,22
97720,1951,1459,492
97721,100,73,27
97722,43,13,30
97730,107,91,16
97731,168,25,143
97732,42,25,17
97733,233,110,123
97734,1045,785,260
97735,44,44,0
97736,42,15,27
97737,303,204,99
97738,745,588,157
97739,4838,3679,1159
97741,4137,2521,1616
97750,140,110,30
97751,41,33,8
97752,0,0,0
97753,962,793,169
97754,8299,5752,2547
97756,14562,9159,5403
97758,41,22,19
97759,3094,2416,678
97760,2935,2575,360
97761,1045,691,354
97801,7537,4340,3197
97810,400,316,84
97812,337,210,127
97813,529,365,164
97814,5201,3595,1606
97817,3,3,0
97818,1436,932,504
97819,15,10,5
97820,408,317,91
97823,501,320,181
97824,688,534,154
97825,138,95,43
97826,397,247,150
97827,1056,798,258
97828,1426,909,517
97830,346,239,107
97833,388,283,105
97834,457,312,145
97835,109,77,32
97836,808,471,337
97837,28,17,11
97838,9175,5963,3212
97839,118,103,15
97840,39,19,20
97841,218,162,56
97842,66,32,34
97843,236,163,73
97844,1344,1057,287
97845,1309,844,465
97846,874,628,246
97848,88,60,28
97850,6907,3963,2944
97856,178,103,75
97857,212,147,65
97859,48,48,0
97862,4157,2870,1287
97864,112,72,40
97865,547,424,123
97867,280,185,95
97868,748,495,253
97869,359,263,96
97870,314,260,54
97873,125,107,18
97874,177,140,37
97875,1031,698,333
97876,343,312,31
97877,180,166,14
97880,128,86,42
97882,2193,1303,890
97883,955,719,236
97884,77,61,16
97885,587,362,225
97886,453,349,104
97901,296,180,116
97903,42,35,7
97904,95,61,34
97905,70,39,31
97906,123,66,57
97907,224,168,56
97908,18,9,9
97909,37,25,12
97910,248,168,80
97911,48,23,25
97913,1750,1076,674
97914,5959,3435,2524
97918,1530,912,618
97920,71,57,14
98001,11002,8545,2457
98002,13132,6388,6744
98003,18567,8911,9656
98004,16523,7438,9085
98005,7807,4217,3590
98006,13417,10550,2867
98007,11569,4156,7413
98008,9214,6864,2350
98010,2043,1727,316
98011,13286,8654,4632
98012,23593,16267,7326
98014,2736,2317,419
98019,4096,3645,451
98020,8758,6347,2411
98021,10724,8587,2137
98022,8466,5775,2691
98023,17699,11492,6207
98024,2305,1936,369
98026,14474,10707,3767
98027,11666,8170,3496
98028,8699,6310,2389
98029,11251,7518,3733
98030,11989,5850,6139
98031,12093,8100,3993
98032,13674,5465,8209
98033,16204,10263,5941
98034,17558,10700,6858
98036,14517,9206,5311
98037,10865,6369,4496
98038,12053,10280,1773
98039,1191,1057,134
98040,10123,7140,2983
98042,16457,13686,2771
98043,8316,4588,3728
98045,5386,4244,1142
98047,2304,1260,1044
98050,181,181,0
98051,1587,1362,225
98052,26876,14138,12738
98053,8251,6992,1259
98055,9511,4608,4903
98056,13887,7826,6061
98057,6235,1521,4714
98058,15739,11485,4254
98059,13546,10549,2997
98065,5085,4333,752
98068,174,166,8
98070,4501,3589,912
98072,9273,6766,2507
98074,9370,8220,1150
98075,7750,6626,1124
98077,4685,4442,243
98087,14102,7170,6932
98092,16090,11397,4693
98101,8640,1610,7030
98102,15370,4608,10762
98103,24438,11532,12906
98104,8125,964,7161
98105,16564,5617,10947
98106,10860,5390,5470
98107,13310,5156,8154
98108,8645,4637,4008
98109,16400,4082,12318
98110,9857,7657,2200
98112,11471,6277,5194
98115,22182,13774,8408
98116,12751,7515,5236
98117,14778,10721,4057
98118,16888,9919,6969
98119,12558,5039,7519
98121,12215,2772,9443
98122,18923,6004,12919
98125,19008,8912,10096
98126,10366,5720,4646
98133,21305,10069,11236
98134,210,74,136
98136,7561,5305,2256
98144,13439,6256,7183
98146,10111,5950,4161
98148,4547,1699,2848
98154,0,0,0
98155,13665,9451,4214
98158,0,0,0
98164,115,82,33
98166,8516,5507,3009
98168,11459,6106,5353
98174,0,0,0
98177,8658,6688,1970
98178,9572,6070,3502
98188,8925,4044,4881
98195,0,0,0
98198,13838,7405,6433
98199,9717,6173,3544
98201,12763,5026,7737
98203,13621,8053,5568
98204,16848,5611,11237
98205,5025,4169,856
98207,0,0,0
98208,20435,14063,6372
98220,256,163,93
98221,9523,6599,2924
98222,40,40,0
98223,15807,12161,3646
98224,146,118,28
98225,20498,8096,12402
98226,17434,10805,6629
98229,12961,8839,4122
98230,7275,5570,1705
98232,1774,1373,401
98233,6116,3911,2205
98235,58,46,12
98236,2682,1970,712
98237,1743,1257,486
98238,0,0,0
98239,3396,2789,607
98240,1176,934,242
98241,833,540,293
98243,284,216,68
98244,1172,858,314
98245,1847,1313,534
98247,3082,2199,883
98248,9035,6770,2265
98249,1962,1447,515
98250,3750,2695,1055
98251,1722,1412,310
98252,3716,2764,952
98253,882,815,67
98255,111,94,17
98256,150,88,62
98257,1823,1357,466
98258,11302,8651,2651
98260,2643,1997,646
98261,1337,1034,303
98262,436,363,73
98263,30,21,9
98264,7540,5214,2326
98266,1475,880,595
98267,166,125,41
98270,17984,12088,5896
98271,10761,7834,2927
98272,9643,7243,2400
98273,10940,6535,4405
98274,6691,5121,1570
98275,8287,5746,2541
98276,187,161,26
98277,15809,8607,7202
98278,0,0,0
98279,340,259,81
98280,238,215,23
98281,671,522,149
98282,6990,6186,804
98283,204,164,40
98284,9578,6378,3200
98286,90,69,21
98288,92,58,34
98290,12824,10068,2756
98292,8493,6813,1680
98294,2734,1930,804
98295,950,688,262
98296,9981,8756,1225
98297,17,15,2
98303,624,548,76
98304,338,243,95
98305,158,144,14
98310,9007,4437,4570
98311,10146,7236,2910
98312,13045,7812,5233
98314,17,0,17
98315,1250,0,1250
98320,563,465,98
98321,5562,4565,997
98323,280,238,42
98325,671,546,125
98326,303,197,106
98327,3631,1793,1838
98328,3797,3191,606
98329,3895,3267,628
98330,68,68,0
98331,2416,1616,800
98332,6779,5707,1072
98333,1408,1300,108
98335,10028,7391,2637
98336,356,297,59
98337,3326,1284,2042
98338,9520,8274,1246
98339,1434,959,475
98340,1360,1154,206
98342,590,449,141
98345,205,63,142
98346,3865,2863,1002
98349,1742,1333,409
98350,129,58,71
98351,486,419,67
98353,30,0,30
98354,2842,1641,1201
98355,406,370,36
98356,886,659,227
98357,493,337,156
98358,444,361,83
98359,1832,1594,238
98360,4745,3986,759
98361,470,333,137
98362,10378,6906,3472
98363,5658,3914,1744
98364,47,0,47
98365,2421,1966,455
98366,12597,7754,4843
98367,10536,8698,1838
98368,7420,5149,2271
98370,12316,9574,2742
98371,8335,5828,2507
98372,9668,5609,4059
98373,9072,5150,3922
98374,14128,9794,4334
98375,9860,7277,2583
98376,839,649,190
98377,765,510,255
98380,1817,1446,371
98381,165,118,47
98382,13479,10174,3305
98383,8518,4732,3786
98385,125,111,14
98387,16255,12127,4128
98388,2562,1596,966
98390,4513,2438,2075
98391,17316,14592,2724
98392,1301,941,360
98394,486,400,86
98396,280,206,74
98402,3590,562,3028
98403,4201,1607,2594
98404,11384,6667,4717
98405,9595,4152,5443
98406,9722,6148,3574
98407,9321,5542,3779
98408,7448,4445,3003
98409,9956,3515,6441
98416,0,0,0
98418,3818,2129,1689
98421,0,0,0
98422,7658,5906,1752
98424,4097,1681,2416
98430,0,0,0
98433,4199,49,4150
98438,4,0,4
98439,2030,229,1801
98443,2215,1792,423
98444,12595,4796,7799
98445,11332,7419,3913
98446,3632,2690,942
98447,0,0,0
98465,3150,1540,1610
98466,11573,5933,5640
98467,6175,3247,2928
98498,11262,6725,4537
98499,12947,4632,8315
98501,17092,9911,7181
98502,14354,7707,6647
98503,15450,8117,7333
98506,7925,4913,3012
98512,11960,8127,3833
98513,12876,8987,3889
98516,9607,6935,2672
98520,8310,4863,3447
98524,1484,1200,284
98526,86,60,26
98527,161,154,7
98528,3648,2696,952
98530,250,145,105
98531,10163,5928,4235
98532,9159,6678,2481
98533,191,183,8
98535,276,201,75
98536,33,33,0
98537,834,631,203
98538,131,98,33
98541,3889,2791,1098
98542,195,170,25
98544,12,12,0
98546,1342,1049,293
98547,579,434,145
98548,1210,1114,96
98550,4738,2814,1924
98552,184,162,22
98555,198,198,0
98557,1345,999,346
98558,80,29,51
98559,0,0,0
98560,85,85,0
98562,0,0,0
98563,3023,2329,694
98564,1001,843,158
98565,228,152,76
98568,1121,854,267
98569,3074,2271,803
98570,1577,1226,351
98571,139,95,44
98572,247,191,56
98575,76,58,18
98576,1869,1462,407
98577,2637,2070,567
98579,4779,3875,904
98580,4233,3257,976
98581,267,246,21
98582,130,122,8
98583,57,39,18
98584,13456,9845,3611
98585,319,215,104
98586,649,421,228
98587,237,162,75
98588,733,587,146
98589,2850,2169,681
98590,188,148,40
98591,1390,1106,284
98592,681,654,27
98593,436,330,106
98595,1249,734,515
98596,2625,2015,610
98597,8467,5991,2476
98601,1076,746,330
98602,62,54,8
98603,472,439,33
98604,12219,9717,2502
98605,429,272,157
98606,3033,2792,241
98607,11126,8692,2434
98610,1191,734,457
98611,3626,2950,676
98612,1212,1039,173
98613,147,109,38
98614,80,80,0
98616,40,40,0
98617,492,342,150
98619,211,149,62
98620,3048,1849,1199
98621,185,167,18
98624,683,518,165
98625,2600,2072,528
98626,9238,6245,2993
98628,156,78,78
98629,2968,2576,392
98631,1693,1176,517
98632,20759,12169,8590
98635,733,512,221
98638,552,447,105
98639,463,259,204
98640,2091,1805,286
98641,10,10,0
98642,6909,5776,1133
98643,186,180,6
98644,157,99,58
98645,495,428,67
98647,151,128,23
98648,1286,854,432
98649,356,295,61
98650,341,265,76
98651,375,278,97
98660,5427,2498,2929
98661,18513,8181,10332
98662,12272,7959,4313
98663,6098,3611,2487
98664,9105,5213,3892
98665,9939,6100,3839
98670,22,20,2
98671,8512,6756,1756
98672,2679,1910,769
98673,203,118,85
98674,4554,3223,1331
98675,2035,1752,283
98682,19829,14087,5742
98683,13687,7840,5847
98684,10715,5965,4750
98685,10607,8473,2134
98686,7597,5619,1978
98801,15794,9835,5959
98802,11328,8086,3242
98811,51,33,18
98812,1725,895,830
98813,828,485,343
98814,337,243,94
98815,2652,1822,830
98816,2466,1531,935
98817,57,57,0
98819,139,85,54
98821,155,155,0
98822,749,581,168
98823,3775,2485,1290
98824,100,37,63
98826,3058,2237,821
98827,137,65,72
98828,848,730,118
98829,220,138,82
98830,284,201,83
98831,1220,765,455
98832,68,49,19
98833,68,41,27
98834,90,77,13
98836,315,137,178
98837,15050,9035,6015
98840,1813,1145,668
98841,3988,2606,1382
98843,635,280,355
98844,2087,1409,678
98845,111,91,20
98846,441,249,192
98847,699,600,99
98848,3534,2290,1244
98849,461,293,168
98850,611,427,184
98851,1746,1329,417
98852,6,3,3
98853,8,8,0
98855,2595,1946,649
98856,1173,830,343
98857,1213,810,403
98858,797,587,210
98859,119,70,49
98860,133,106,27
98862,1078,833,245
98901,10370,5657,4713
98902,16602,8793,7809
98903,5256,3799,1457
98908,14556,10398,4158
98921,153,0,153
98922,2869,2125,744
98923,375,194,181
98925,297,229,68
98926,13058,6835,6223
98929,0,0,0
98930,4677,2943,1734
98932,1342,785,557
98933,362,257,105
98934,502,278,224
98935,984,743,241
98936,1921,1515,406
98937,1593,1179,414
98938,865,624,241
98939,51,42,9
98940,130,130,0
98941,302,186,116
98942,6303,4423,1880
98943,408,272,136
98944,6218,3897,2321
98946,242,155,87
98947,879,605,274
98948,3668,2247,1421
98950,46,21,25
98951,3564,2056,1508
98952,577,333,244
98953,2227,1753,474
99001,1481,798,683
99003,1891,1675,216
99004,7753,4370,3383
99005,2984,2655,329
99006,4729,4202,527
99008,237,180,57
99009,1444,1105,339
99011,759,0,759
99012,343,258,85
99013,643,417,226
99016,5517,4356,1161
99017,60,43,17
99018,79,61,18
99019,4533,3185,1348
99020,0,0,0
99021,3546,3153,393
99022,3156,2503,653
99023,226,189,37
99025,1870,1613,257
99026,3469,3047,422
99027,2327,2102,225
99029,475,373,102
99030,450,395,55
99031,561,393,168
99032,324,253,71
99033,320,226,94
99034,0,0,0
99036,668,568,100
99037,5967,3890,2077
99039,31,23,8
99040,297,217,80
99101,540,490,50
99102,216,157,59
99103,218,184,34
99105,22,12,10
99109,2124,1419,705
99110,595,331,264
99111,1744,1061,683
99113,320,271,49
99114,5060,3770,1290
99115,475,364,111
99116,697,509,188
99117,204,153,51
99118,305,214,91
99119,483,451,32
99121,67,53,14
99122,1603,1304,299
99123,422,323,99
99124,157,110,47
99125,260,192,68
99126,341,255,86
99128,119,103,16
99129,320,233,87
99130,373,274,99
99131,72,67,5
99133,710,442,268
99134,259,183,76
99135,112,86,26
99136,9,9,0
99137,174,127,47
99138,415,273,142
99139,544,460,84
99140,163,109,54
99141,2128,1612,516
99143,339,259,80
99144,10,6,4
99146,25,25,0
99147,78,78,0
99148,872,747,125
99149,109,99,10
99150,146,135,11
99151,62,50,12
99152,68,48,20
99153,244,134,110
99154,11,11,0
99155,431,232,199
99156,3610,2814,796
99157,301,208,93
99158,224,161,63
99159,651,509,142
99160,102,85,17
99161,641,514,127
99163,12037,3553,8484
99164,0,0,0
99166,1374,930,444
99167,243,229,14
99169,1075,736,339
99170,404,302,102
99171,510,344,166
99173,698,567,131
99174,22,17,5
99176,71,48,23
99179,192,154,38
99180,533,418,115
99181,681,586,95
99185,534,435,99
99201,6753,1962,4791
99202,7298,3035,4263
99203,9015,6829,2186
99204,3591,1215,2376
99205,17969,11374,6595
99206,15152,9338,5814
99207,12030,6064,5966
99208,21409,13809,7600
99212,8624,6060,2564
99216,11160,5229,5931
99217,6661,4313,2348
99218,6054,3194,2860
99223,13232,8107,5125
99224,8610,5898,2712
99301,23461,16421,7040
99320,3677,2886,791
99321,119,41,78
99322,80,61,19
99323,1346,1123,223
99324,3742,2257,1485
99326,1395,846,549
99328,1612,1113,499
99329,63,51,12
99330,314,225,89
99333,15,10,5
99335,102,68,34
99336,18418,9014,9404
99337,10899,9477,1422
99338,5336,4945,391
99341,315,199,116
99343,829,403,426
99344,4910,3005,1905
99345,51,31,20
99346,195,184,11
99347,994,696,298
99348,450,160,290
99349,2085,1044,1041
99350,5149,3286,1863
99352,12775,8537,4238
99353,5265,4439,826
99354,9078,5539,3539
99356,88,53,35
99357,959,450,509
99359,87,58,29
99360,541,415,126
99361,765,598,167
99362,15385,9806,5579
99363,67,30,37
99371,171,126,45
99401,104,104,0
99402,693,494,199
99403,8396,5865,2531
99501,7646,2438,5208
99502,8959,5582,3377
99503,5928,1775,4153
99504,14700,9795,4905
99505,1107,0,1107
99506,2204,15,2189
99507,13951,9579,4372
99508,12330,6655,5675
99510,0,0,0
99513,0,0,0
99515,7889,6064,1825
99516,7028,6505,523
99517,6945,3850,3095
99518,4139,2691,1448
99519,0,0,0
99540,155,105,50
99546,40,22,18
99547,13,10,3
99548,23,20,3
99549,27,18,9
99550,82,76,6
99551,133,98,35
99552,81,59,22
99553,58,45,13
99554,168,145,23
99555,62,46,16
99556,1061,933,128
99557,205,139,66
99558,37,25,12
99559,2252,1069,1183
99561,86,74,12
99563,215,176,39
99564,25,17,8
99565,26,21,5
99566,42,33,9
99567,3148,2503,645
99568,159,151,8
99569,17,11,6
99571,55,25,30
99572,203,175,28
99573,186,135,51
99574,1022,711,311
99575,31,22,9
99576,848,479,369
99577,9503,6889,2614
99578,117,80,37
99579,18,16,2
99580,25,20,5
99581,179,137,42
99583,36,9,27
99585,68,41,27
99586,101,74,27
99587,829,374,455
99588,225,175,50
99589,48,37,11
99590,57,34,23
99591,27,17,10
99602,65,48,17
99603,4034,2800,1234
99604,209,144,65
99605,41,41,0
99606,101,65,36
99607,68,56,12
99609,105,79,26
99610,780,639,141
99611,5910,4201,1709
99612,284,174,110
99613,156,74,82
99614,156,119,37
99615,4105,2190,1915
99620,158,119,39
99621,153,121,32
99622,73,60,13
99624,25,20,5
99625,31,23,8
99626,71,58,13
99627,125,75,50
99628,152,106,46
99630,80,64,16
99631,126,84,42
99632,167,113,54
99633,180,110,70
99634,115,76,39
99636,110,72,38
99637,117,81,36
99638,12,6,6
99639,426,348,78
99640,53,34,19
99641,124,92,32
99643,83,68,15
99644,78,51,27
99645,8670,6761,1909
99647,9,9,0
99648,24,21,3
99649,30,26,4
99650,122,78,44
99651,6,4,2
99652,1230,959,271
99653,37,7,30
99654,18101,13726,4375
99655,165,140,25
99656,8,8,0
99657,50,35,15
99658,197,154,43
99659,108,63,45
99660,126,67,59
99661,427,279,148
99662,119,83,36
99663,186,138,48
99664,1522,938,584
99665,26,12,14
99666,40,32,8
99667,44,44,0
99668,30,21,9
99669,5877,4360,1517
99670,18,9,9
99671,112,81,31
99672,1318,1060,258
99674,559,434,125
99676,555,428,127
99677,20,15,5
99678,206,122,84
99679,85,48,37
99680,139,91,48
99681,71,51,20
99682,98,64,34
99683,207,186,21
99684,179,124,55
99685,897,209,688
99686,1322,1048,274
99688,939,760,179
99689,232,145,87
99690,39,37,2
99691,38,25,13
99692,61,0,61
99693,131,49,82
99694,552,424,128
99695,0,0,0
99701,6924,3018,3906
99702,999,5,994
99703,2017,12,2005
99704,0,0,0
99705,8370,5736,2634
99706,1,1,0
99709,12020,7777,4243
99712,5555,4433,1122
99714,468,385,83
99720,61,37,24
99721,70,46,24
99722,55,44,11
99723,1345,581,764
99724,22,19,3
99726,11,7,4
99727,114,78,36
99729,97,82,15
99730,34,33,1
99732,7,0,7
99733,25,15,10
99734,0,0,0
99736,44,33,11
99737,1485,1118,367
99738,58,41,17
99739,85,60,25
99740,209,147,62
99741,193,148,45
99742,150,132,18
99743,386,304,82
99744,50,42,8
99745,33,15,18
99746,113,93,20
99747,53,40,13
99748,58,40,18
99749,80,59,21
99750,117,80,37
99751,30,15,15
99752,942,400,542
99753,76,44,32
99754,34,29,5
99755,100,65,35
99756,38,27,11
99757,7,7,0
99758,79,41,38
99759,56,24,32
99760,215,163,52
99761,94,76,18
99762,1431,700,731
99763,118,61,57
99764,86,51,35
99765,87,71,16
99766,152,115,37
99767,20,18,2
99768,69,55,14
99769,211,182,29
99770,175,133,42
99771,71,54,17
99772,158,114,44
99773,62,48,14
99774,7,3,4
99775,163,0,163
99776,44,34,10
99777,96,64,32
99778,59,38,21
99780,544,385,159
99781,50,36,14
99782,131,80,51
99783,56,32,24
99784,83,48,35
99785,96,62,34
99786,78,51,27
99788,37,30,7
99789,106,63,43
99790,8,8,0
99791,49,37,12
99801,11554,7502,4052
99820,133,78,55
99824,967,512,455
99825,39,39,0
99826,190,153,37
99827,1052,710,342
99829,287,186,101
99830,181,127,54
99832,56,52,4
99833,1170,799,371
99835,3561,2062,1499
99836,33,30,3
99840,400,206,194
99841,68,64,4
99901,5327,3240,2087
99903,0,0,0
99918,78,60,18
99919,328,267,61
99921,776,531,245
99922,111,79,32
99923,15,15,0
99925,325,223,102
99926,480,355,125
99927,29,29,0
99929,1074,734,340
